
0 0 56.738508 0.173565 12.890852
0 1 56.742332 6.186875 15.887702
0 2 88.53704 13.821578 20.353198
0 3 88.53704 21.244269 22.275298
0 4 88.53704 24.292718 22.545585
0 5 88.53704 29.454314 24.525331
0 6 88.53704 26.252794 23.621908
0 7 88.53704 33.47158 24.193136
0 8 88.53704 31.877476 26.176547
0 9 91.254579 32.160984 26.562947
0 10 91.254579 35.73466 25.84769
0 11 91.254579 34.409529 26.166133
0 12 91.254579 37.829539 26.879331
0 13 91.254579 40.62767 26.8083
0 14 91.254579 39.201356 25.671204
0 15 91.254579 41.818821 25.163718
0 16 91.254579 45.843482 24.871182
0 17 91.254579 44.030828 25.905278
0 18 91.254579 40.519873 27.995805
0 19 91.254579 44.014211 27.758573
0 20 91.254579 43.322513 27.436237
0 21 91.254579 45.928852 27.051148
0 22 91.254579 42.761735 25.786596
0 23 91.254579 46.484363 24.727872
0 24 91.254579 45.845339 26.199239
0 25 91.254579 49.790429 25.62189
0 26 91.254579 44.891508 26.587736
0 27 91.254579 44.757028 25.359454
0 28 91.254579 48.492959 24.716865
0 29 91.254579 43.014064 25.622878
1 0 56.742332 -0.491195 11.700037
1 1 56.742332 9.119769 18.147059
1 2 74.750025 15.533973 21.667484
1 3 90.329262 21.261813 26.85243
1 4 91.529262 28.424099 27.892838
1 5 91.529262 33.164482 26.839144
1 6 91.529262 36.25654 28.293155
1 7 91.529262 34.304731 27.357433
1 8 91.529262 38.281237 24.901637
1 9 91.529262 39.530828 27.586247
1 10 91.529262 39.478847 27.946474
1 11 91.529262 36.576607 28.737778
1 12 91.529262 46.934823 25.521959
1 13 91.529262 46.076914 24.654173
1 14 91.529262 46.290872 25.865286
1 15 91.529262 45.740641 27.038681
1 16 91.529262 45.943204 25.849535
1 17 91.529262 47.650122 26.800728
1 18 91.529262 48.921719 23.741724
1 19 91.529262 47.726249 26.205659
1 20 91.529262 48.729331 24.788977
1 21 91.529262 47.637194 25.959154
1 22 91.529262 47.013938 26.016509
1 23 91.529262 50.377795 23.696121
1 24 91.529262 49.841128 25.07864
1 25 91.529262 47.488129 26.861059
1 26 91.529262 45.232011 27.99731
1 27 91.529262 46.345973 26.417747
1 28 91.529262 46.950375 26.318082
1 29 91.529262 44.536307 28.022005
2 0 57.185869 -1.927902 11.062741
2 1 57.185869 5.189827 17.608272
2 2 65.742332 8.183291 20.67006
2 3 65.769519 18.016431 24.366715
2 4 74.746171 19.816599 25.248847
2 5 85.99141 25.023909 28.56216
2 6 85.99141 28.939696 28.847175
2 7 85.99141 25.845836 29.566446
2 8 85.99141 32.590698 27.711928
2 9 85.99141 38.339562 25.824552
2 10 85.99141 32.800344 30.136124
2 11 86.409685 36.077265 29.977661
2 12 87.211736 45.057751 25.788837
2 13 87.211736 45.199125 26.390052
2 14 87.211736 45.874094 26.481257
2 15 87.554995 47.687549 24.611161
2 16 91.559745 48.73608 24.581082
2 17 91.559745 48.584778 22.050466
2 18 91.559745 50.380101 21.675793
2 19 91.559745 48.011259 25.975652
2 20 91.559745 46.65407 25.986063
2 21 91.559745 47.735321 24.594182
2 22 91.559745 50.109071 23.708552
2 23 91.559745 51.135301 25.422153
2 24 91.559745 51.462137 23.012294
2 25 91.559745 53.651731 20.355712
2 26 91.559745 52.946572 19.36626
2 27 91.559745 55.119413 17.839627
2 28 91.559745 54.805328 18.911494
2 29 91.559745 53.782873 18.407063
3 0 56.76363 1.795412 14.884136
3 1 56.886318 9.034327 20.856823
3 2 65.748096 15.956727 24.354831
3 3 74.742332 22.663734 26.454158
3 4 86.593424 30.013856 26.478162
3 5 88.838793 28.457228 29.220199
3 6 88.838793 36.26051 26.893544
3 7 88.838793 40.681625 26.427009
3 8 88.838793 46.603621 25.25198
3 9 88.838793 44.096558 26.132208
3 10 88.838793 48.663054 25.724463
3 11 88.838793 50.027721 25.977946
3 12 88.838793 47.557846 25.968534
3 13 88.838793 47.143986 25.316722
3 14 88.838793 43.485372 28.722528
3 15 88.838793 46.532397 28.932678
3 16 88.838793 47.506301 25.715288
3 17 88.838793 52.019665 24.624564
3 18 88.838793 47.407167 25.395014
3 19 89.468774 52.107321 22.528138
3 20 89.468774 51.13727 24.350983
3 21 89.468774 50.817558 23.76086
3 22 89.468774 53.07585 22.108797
3 23 89.468774 51.093862 24.230119
3 24 89.468774 46.099476 27.250845
3 25 89.468774 53.721459 22.243497
3 26 89.468774 49.903703 25.662804
3 27 89.468774 47.496975 26.798075
3 28 89.468774 56.171779 22.559118
3 29 89.468774 52.189078 24.581862
4 0 65.708431 0.710904 14.170628
4 1 65.708431 4.947552 16.093345
4 2 65.708431 11.903226 18.394391
4 3 74.76363 12.591299 19.877098
4 4 74.76363 16.374091 19.707789
4 5 74.76363 16.871998 19.478614
4 6 85.813791 22.442442 21.62609
4 7 86.167552 26.134713 24.106525
4 8 86.167552 26.450735 25.639238
4 9 86.39141 28.90994 26.111504
4 10 86.593424 30.960961 27.48349
4 11 86.593424 36.024173 27.100027
4 12 86.593424 37.925896 27.824129
4 13 89.268774 39.106774 29.234418
4 14 89.268774 44.86768 28.601605
4 15 89.268774 45.640862 25.11265
4 16 89.268774 41.041008 27.563822
4 17 89.268774 43.59969 27.065579
4 18 89.268774 48.052523 25.545364
4 19 89.268774 47.862737 25.048704
4 20 89.268774 46.965982 25.831089
4 21 89.268774 51.565285 22.980021
4 22 89.268774 50.195681 23.089893
4 23 89.268774 46.961896 26.027562
4 24 89.268774 45.571965 27.484456
4 25 89.268774 52.237705 24.607371
4 26 89.268774 49.607559 25.705635
4 27 89.268774 48.292492 25.113408
4 28 89.268774 48.498954 25.39449
4 29 89.268774 51.027718 23.463429
5 0 56.742332 0.143083 11.692414
5 1 56.742332 6.934001 17.638265
5 2 56.742332 12.040929 17.6163
5 3 75.044163 16.859329 19.479033
5 4 75.044163 21.686845 22.090378
5 5 85.466602 19.648816 25.160534
5 6 86.793424 26.274397 25.379347
5 7 86.793424 29.66705 26.316468
5 8 86.793424 34.389405 25.785388
5 9 87.066602 37.110778 28.332978
5 10 87.066602 42.570541 25.603799
5 11 87.066602 41.281711 26.196043
5 12 87.066602 42.394179 26.59352
5 13 87.066602 42.979256 26.823949
5 14 87.066602 40.726874 27.230467
5 15 87.066602 44.861322 26.595894
5 16 87.066602 43.488494 26.83787
5 17 87.240905 48.833964 25.986081
5 18 87.240905 44.193824 27.865742
5 19 90.015851 44.556787 28.173183
5 20 90.015851 47.791044 25.929491
5 21 90.015851 49.111745 26.221759
5 22 90.015851 45.323553 26.954688
5 23 90.015851 41.067208 27.364179
5 24 90.015851 51.202015 23.648467
5 25 90.015851 44.495722 26.633778
5 26 90.015851 49.894084 24.132327
5 27 90.015851 50.679279 23.252236
5 28 90.015851 52.824849 21.818459
5 29 90.015851 48.973464 24.270746
6 0 56.742332 -0.160194 12.581195
6 1 56.742332 7.081686 16.885649
6 2 86.39141 13.391807 21.61796
6 3 89.19141 17.775445 23.06615
6 4 89.19141 25.05199 25.363586
6 5 89.19141 27.229657 27.878893
6 6 89.19141 32.285892 30.163211
6 7 89.218586 36.013783 29.099057
6 8 89.218586 38.237762 28.362994
6 9 89.218586 38.239227 28.410086
6 10 89.218586 37.411345 28.590675
6 11 89.218586 44.476567 28.542201
6 12 89.218586 47.049358 24.337399
6 13 89.218586 47.200578 26.438878
6 14 89.218586 48.128367 24.57328
6 15 89.218586 42.19581 28.921303
6 16 89.218586 45.858985 27.047477
6 17 89.218586 45.264099 27.747788
6 18 89.218586 43.262707 27.634487
6 19 89.218586 46.052849 26.024233
6 20 89.218586 50.60944 24.653773
6 21 89.218586 44.849491 28.248887
6 22 89.218586 46.329312 25.765001
6 23 89.218586 45.853786 27.746156
6 24 89.218586 41.168918 28.67024
6 25 89.468774 47.744398 27.651266
6 26 89.468774 44.302554 28.549104
6 27 89.468774 48.990944 26.614652
6 28 89.468774 49.156091 26.289437
6 29 89.468774 50.507685 22.547072
7 0 56.746171 1.745339 13.361429
7 1 56.746171 9.168049 15.720175
7 2 74.748096 15.039386 18.771021
7 3 87.240905 23.618603 22.46987
7 4 87.240905 26.516665 26.789196
7 5 87.240905 30.421663 29.673741
7 6 87.240905 32.20688 30.503801
7 7 87.240905 32.528877 31.289123
7 8 88.993424 36.699874 29.226483
7 9 88.993424 38.131329 28.966099
7 10 88.993424 45.708424 27.685352
7 11 88.993424 42.125094 28.511141
7 12 88.993424 48.954858 26.548871
7 13 88.993424 45.038941 28.771143
7 14 88.993424 51.346807 23.271383
7 15 88.993424 48.685256 25.863804
7 16 88.993424 46.41547 25.545505
7 17 88.993424 47.071802 26.638122
7 18 88.993424 48.96206 27.510495
7 19 88.993424 47.521491 27.707847
7 20 88.993424 52.060513 24.913226
7 21 88.993424 53.524424 22.043911
7 22 88.993424 50.251017 26.902126
7 23 88.993424 50.669829 26.957738
7 24 88.993424 47.645826 26.970238
7 25 88.993424 49.144132 27.222934
7 26 89.015851 53.690677 23.112286
7 27 89.015851 46.530877 27.291696
7 28 89.015851 46.099438 26.915849
7 29 89.015851 51.035462 28.861311
8 0 89.329262 1.84819 15.733903
8 1 89.329262 6.537845 18.269031
8 2 89.329262 14.789963 21.693507
8 3 89.329262 25.119601 24.998961
8 4 89.329262 29.473264 24.898001
8 5 89.329262 32.857094 28.463121
8 6 89.329262 36.554064 28.859018
8 7 89.329262 36.574555 28.399879
8 8 89.329262 45.699097 25.668644
8 9 89.329262 40.832247 26.744451
8 10 89.329262 48.054228 24.124776
8 11 89.329262 48.495553 25.153347
8 12 89.329262 48.35971 26.680189
8 13 89.329262 48.771031 24.870444
8 14 89.329262 50.548889 23.994945
8 15 89.329262 53.559887 23.332156
8 16 89.329262 49.612487 25.693769
8 17 89.329262 50.768976 21.230551
8 18 89.329262 51.206616 21.888536
8 19 89.329262 57.463766 18.954208
8 20 89.329262 54.607784 18.74801
8 21 89.329262 54.904415 18.948081
8 22 89.329262 52.334614 22.375931
8 23 89.329262 54.090914 21.726134
8 24 89.329262 50.66903 23.414297
8 25 89.329262 53.490968 20.431621
8 26 89.329262 52.539679 23.214706
8 27 89.329262 53.91734 20.996903
8 28 89.329262 52.416988 23.880109
8 29 89.329262 50.964995 23.876283
9 0 56.742332 0.769842 13.233333
9 1 56.742332 7.700669 17.473299
9 2 65.742332 13.352983 17.26339
9 3 84.793424 21.766533 22.74484
9 4 84.793424 23.809328 25.042851
9 5 86.39141 30.95501 25.976754
9 6 86.39141 31.687916 26.033382
9 7 86.39141 36.079786 28.141623
9 8 86.39141 38.631238 28.560121
9 9 86.39141 45.85595 24.911356
9 10 86.39141 50.977466 21.199671
9 11 86.666602 50.283624 20.957757
9 12 88.240905 52.808825 20.870841
9 13 88.240905 53.365768 20.392725
9 14 89.154995 50.080035 24.38784
9 15 89.154995 50.720983 23.084994
9 16 89.154995 47.130595 24.745567
9 17 89.154995 52.070976 20.647361
9 18 89.154995 49.42885 23.37096
9 19 89.154995 50.081227 23.879923
9 20 89.154995 48.376546 26.227323
9 21 89.154995 49.4546 22.770677
9 22 89.154995 47.963179 23.639653
9 23 92.081106 51.928766 21.648841
9 24 92.081106 51.381054 22.061557
9 25 92.081106 50.425462 23.137761
9 26 92.081106 48.099743 22.995918
9 27 92.081106 48.907087 25.326541
9 28 92.081106 54.092978 20.344029
9 29 92.081106 56.549879 19.252538