1.586604097633489974e-02
2.189222142761995393e-01
1.568476905693561296e-01
3.830058868731799349e-01
1.320880436819838188e-01
1.244063827746648698e-01
2.988174646874842966e-02
1.513682524860923140e-01
1.263916276574360287e-01
1.473017851035654247e-01
-3.371477131486452228e-01
3.162045350932859988e-01
-2.414110059840220146e-02
9.398551825747025745e-02
6.528042979019463288e-02
-3.003586910381703112e-01
-5.903845387185317761e-02
1.000000000000000000e+00
3.412335545456049446e-02
-6.649497233213069736e-02
8.946099546010968795e-02
2.519412755798853820e-01
-3.450365205003128599e-01
-2.392649154410032009e-01
-2.101313618428463093e-01
1.450504501507423466e-02
-2.739204404278623994e-01
-1.883912559647533680e-01
1.141066299311770393e-01
2.968940822376101574e-01
1.464157165813508299e-01
-1.250927458816800952e-01
-6.979519332631737294e-01
-2.420834202846709228e-03
-7.737265592062141373e-01
1.074233511474419200e-01
-4.167030545166153788e-01
-3.291455447872410622e-01
-2.131303755996174776e-01
-2.889266757965401888e-01
-5.034592120819435246e-03
3.122024029789242580e-02
3.455683857164795064e-03
5.723956525861097211e-02
-2.083471372698583179e-01
1.802667484961824884e-01
7.061304837103952181e-01
-2.312016516037044001e-01
-5.543913063608141290e-01
2.290452623719121950e-01
2.195766732621319273e-01
9.142898355455347792e-02
1.910585814239409708e-01
-2.196062353656706712e-01
-1.753721092735541776e-01
1.765938896670165015e-01
-8.324103316570649613e-02
4.296532921343193534e-01
-3.572781911107493213e-01
-2.312129657500637536e-01
-1.000000000000000000e+00
-2.669577549100378699e-01
-2.666509340834226638e-01
7.011947208396435149e-02
1.668952973871457024e-03
2.013393254108339636e-01
4.355459633393303220e-01
4.913107101371174124e-01
-2.606649635555222666e-01
-2.180692243985215550e-01
-1.631746475310574818e-01
3.640751467783578943e-02
1.101114177205435030e-01
1.648026868351045726e-01
2.503442209345250191e-01
-2.779140524894889164e-01
-3.598595124452324545e-01
-7.075341298618083030e-01
-5.049535065722121630e-02
-5.230272334612697804e-01
4.161571419647202008e-01
2.065253932313184104e-01
-2.978487819235884904e-01
-6.265380302249951017e-02
-1.327507199121712445e-01
-7.733336187859934929e-01
-3.463582090059503238e-01
-5.648110706885272059e-01
6.548935022340125478e-01
5.840813343149752201e-01
-6.747363510971948058e-03
-3.651468585285316815e-01
-1.000000000000000000e+00
1.742070714014890553e-01
-1.134755125719232594e-01
-1.581172984642389423e-01
4.990940648015548126e-02
-3.713086819225562829e-01
-2.708151191078504993e-01
1.000000000000000000e+00
-1.780606435226437523e-01
-1.977605222196673895e-02
-3.206633892110714590e-01
-4.006518661601510267e-01
-5.485643059277949263e-01
4.174500300728080648e-01
-2.710343427964552743e-01
9.993857515592835528e-02
9.843023396316141760e-02
2.505980142602120750e-03
1.900777881093349830e-01
-4.277588239280478155e-01
3.478282234292706665e-01
5.225015172603543201e-01
2.251667511786313580e-01
-1.540471966541404059e-01
-2.380010624058798707e-01
3.482027719244288888e-01
1.231844259307017381e-01
-3.645453227443268274e-02
1.812157977382880536e-01
3.518883275497200480e-01
-1.508796158281537625e-01
-2.159696120703552269e-01
5.355363520185526527e-01
3.473140494528621502e-01
2.728102064181266162e-02
-1.947662308725570668e-01
-1.872277881970250968e-01
-1.393792963779235672e-01
-2.314499078997243608e-01
-6.458968006185927813e-02
-3.570866705981302625e-01
-4.570710162580366442e-01
-5.409910680785275927e-01
5.466458322839621298e-01
5.322661451136283528e-01
-6.107949132073525744e-01
3.960383955029406211e-01
5.134345930010039694e-02
4.841000071239459079e-01
1.000000000000000000e+00
-4.076148906275239847e-01
8.212452044616927460e-02
-1.865226554246743884e-01
6.057102654985954127e-01
-3.928675607893895583e-01
9.355858695209363918e-02
3.140400590376188905e-01
-1.008121699417305894e-01
3.476344305048102434e-01
-9.328591554701708144e-02
1.101771886550656915e-01
-1.162356490034588546e-01
-2.407882717100297623e-03
5.035971198259274750e-01
-3.941929615176952284e-01
2.682909629597158840e-01
3.983834129400969926e-01
6.215631248229830375e-02
9.031810163435084748e-02
2.949545402944309669e-01
1.243180512886749856e-01
9.768381887967805821e-02
1.282866519130452243e-01
-4.064250880879929917e-02
5.866094689864659317e-02
1.574025227527075521e-01
-3.165791952423989697e-01
-2.739102199102504409e-01
5.064522217172146012e-01
4.050749096121225579e-02
6.198803896642627320e-01
4.074735486612440782e-01
2.469939525012826154e-01
7.074556988940079449e-01
-1.816983974852090511e-01
-8.211240501353240795e-01
7.737817059648102180e-01
-5.623647728625043030e-01
-1.000000000000000000e+00
-1.000000000000000000e+00
-1.212031098497612924e-01
3.016097116719022586e-01
5.078033311149714457e-01
3.645463053476096782e-01
-2.419396528459281104e-01
-7.460823218200718365e-01
4.952092842833160091e-01
2.847818727298415120e-01
-2.631482357672838002e-01
3.930876007068130618e-03
2.712407035972823621e-01
1.731055766480217861e-01
3.332765023803596072e-01
2.216027917369714217e-01
-6.272687269544185984e-02
2.438299589791635968e-01
-2.573349266074290154e-02
4.233411151914162618e-02
9.139368911459395672e-01
-3.715938746648331792e-01
1.667190794790386343e-01
-3.451088817637921746e-01
7.968872817566022282e-02
-1.961428474400676858e-01
-2.451654585828662580e-01
-4.382077930488549877e-01
-1.640256574428816116e-01
3.168300338979499475e-01
-4.221822682550313566e-02
-1.274024545837716405e-01
1.261538829276284968e-01
2.668486098675996732e-01
-8.529750723956139868e-01
-3.365650295536899983e-01
3.007108392592641732e-01
2.296484366215227058e-01
5.203385361122834230e-01
3.866090188728644184e-01
-2.141367780832304779e-01
-4.367797017203963600e-02
5.455198753901218112e-01
-6.927540816111851241e-01
2.150371961721089797e-01
-5.103161134703073504e-02
-3.981216285962169144e-01
4.712796640385788494e-01
-2.080464111436239327e-02
-2.398466459964453679e-01
5.248056051103928699e-01
-2.919783191617017493e-01
2.126402794119675033e-01
2.324833958534902045e-01
1.706236005892324270e-01
-5.126071582179124730e-01
-2.256806443991413169e-02
8.983652825833677441e-03
1.802199010432200266e-01
1.241852973948180255e-01
-3.491364108765427354e-01
-2.232566715662937240e-01
1.353510693141528609e-01
4.483361019156556493e-02
4.399926665997508923e-01
-4.659660558921381868e-01
-2.710315540997912942e-01
-9.692396220315016020e-01
-8.523167749878381994e-01
3.602307831481914580e-01
-1.219202308143318425e-01
-1.747053800481828123e-01
-8.932655491021783412e-02
4.012305613448630126e-01
-1.075391574325404165e-01
-4.230245721137613213e-01
-1.754358477939107486e-01
6.620343071718737260e-02
2.854402752417727895e-01
1.514537971602369082e-01
-2.173913372910556141e-01
-1.275085960641911820e-01
3.803110568569385563e-01
-2.531730656300423474e-02
-3.110826149697562548e-01
