

gen best mean std
0 47.578378 -2.909191 9.722192
1 48.059829 -0.09526 13.446893
2 66.176954 6.209385 17.841248

gen best mean std
2 66.176954 6.209385 17.841248
3 66.176954 14.806504 18.355904

gen best mean std
3 66.176954 14.806504 18.355904

gen best mean std
3 66.176954 14.806504 18.355904

gen best mean std
3 66.176954 14.806504 18.355904
4 66.176954 7.860929 19.933168
5 66.176954 8.574293 20.879022
6 66.176954 13.85575 21.979448
7 66.176954 11.799302 22.167779
8 66.176954 11.838112 21.798128
9 66.176954 14.610742 21.721062
10 66.176954 14.799915 22.431812
11 66.2699 20.602503 23.265996
12 66.2699 14.419655 23.630242
13 75.2699 15.894929 23.159987
14 94.918596 20.277317 24.145254
15 94.918596 16.428069 25.000362
16 94.918596 15.526726 25.110761
17 94.918596 20.206037 24.812731
18 94.918596 15.244996 24.934812
19 94.918596 15.996242 24.695757
20 94.918596 17.413398 25.397591
21 94.918596 17.243208 25.063178
22 94.918596 19.915337 25.887427
23 94.918596 17.236899 25.768891
24 94.918596 15.696889 25.701954
25 94.918596 16.59939 25.668663
26 94.918596 16.344932 25.368665
27 94.918596 15.160381 25.997863
28 94.918596 13.972527 25.989225
doomsday

gen best mean std
28 94.918596 13.972527 25.989225
29 94.918596 12.10343 25.036306