
0 0 84.61004 1.818907 17.283239
0 1 84.61004 9.226486 21.912781
0 2 84.61004 10.252053 24.333745
0 3 84.61004 15.681813 24.637335
0 4 84.61004 16.557755 24.419297
0 5 87.193424 22.416759 26.436752
0 6 87.193424 25.031449 27.900912
0 7 87.193424 26.578051 29.21706
0 8 87.993424 26.313631 28.870748
0 9 87.993424 26.306027 28.142976
0 10 87.993424 30.071798 27.813274
0 11 87.993424 29.015538 29.021192
0 12 87.993424 24.358843 28.33129
0 13 87.993424 23.801813 28.393331
0 14 87.993424 24.970879 28.598425
0 15 87.993424 28.643794 28.235244
0 16 87.993424 22.508676 29.982301
0 17 87.993424 27.763237 29.965387
0 18 87.993424 29.412153 31.379065
0 19 87.993424 33.595474 30.20442
0 20 87.993424 29.000344 29.745059
0 21 87.993424 33.431279 30.287456
0 22 88.818586 37.888634 29.712474
0 23 88.818586 34.246651 29.667581
0 24 88.818586 41.900092 27.272891
0 25 88.818586 39.948554 27.001899
0 26 88.818586 42.389757 27.896206
0 27 88.818586 42.631735 29.959927
0 28 88.818586 39.663178 28.986936
0 29 88.818586 42.144802 26.622839
1 0 47.875317 1.96347 13.337037
1 1 74.746171 10.628089 18.938487
1 2 74.746171 16.835947 20.870456
1 3 86.39141 22.511606 23.134291
1 4 86.39141 22.326106 23.395344
1 5 89.249357 31.065217 24.484806
1 6 89.67095 35.21285 25.285051
1 7 89.67095 38.124532 26.988799
1 8 89.67095 39.363222 26.341306
1 9 89.67095 45.16519 25.358218
1 10 89.67095 48.419105 25.041792
1 11 89.67095 43.267622 27.555036
1 12 89.67095 40.610823 27.143914
1 13 89.67095 39.188362 27.424908
1 14 89.67095 38.684449 28.427796
1 15 89.67095 39.704521 27.100973
1 16 89.67095 39.715964 28.763453
1 17 89.67095 36.180208 29.810792
1 18 89.67095 36.435964 30.2005
1 19 89.67095 40.688675 28.286776
1 20 90.821114 42.469758 27.206896
1 21 90.821114 43.537371 27.903649
1 22 90.821114 41.936765 26.860806
1 23 90.821114 41.512488 27.088754
1 24 90.821114 43.552199 28.274186
1 25 90.821114 41.155147 27.698503
1 26 90.821114 41.786705 27.567008
1 27 90.821114 36.568475 28.811838
1 28 90.821114 38.725762 28.846858
1 29 90.821114 40.798725 27.812105
2 0 56.742332 -1.522559 10.685429
2 1 74.862273 5.257869 15.822867
2 2 74.862273 6.410528 17.830388
2 3 74.862273 9.194386 19.529148
2 4 85.99141 13.829266 22.253999
2 5 85.99141 15.015366 23.108847
2 6 85.99141 18.916089 24.749877
2 7 85.99141 22.790157 23.812468
2 8 85.99141 21.951811 25.166335
2 9 87.238793 25.755018 27.92891
2 10 87.238793 30.383325 27.502732
2 11 87.59141 31.790517 28.757641
2 12 89.017915 34.246985 29.753388
2 13 89.017915 36.583136 31.152747
2 14 89.017915 38.093186 28.741986
2 15 89.017915 39.156185 30.172608
2 16 89.017915 37.748196 30.050222
2 17 89.017915 37.201442 29.546766
2 18 89.017915 36.246304 30.033597
2 19 89.017915 38.56959 28.337765
2 20 89.017915 39.304152 28.727462
2 21 89.017915 45.095329 27.865713
2 22 89.017915 36.237205 30.942649
2 23 89.017915 36.030359 30.82823
2 24 89.613791 40.835749 28.929177
2 25 89.613791 45.81321 25.671512
2 26 89.613791 45.040318 28.667073
2 27 89.613791 42.578195 27.660065
2 28 89.613791 40.412469 29.801461
2 29 89.613791 41.772864 27.115391
3 0 88.040905 2.352873 16.987051
3 1 88.040905 7.436027 20.0456
3 2 88.040905 14.56849 21.71979
3 3 88.040905 18.108269 23.847617
3 4 88.040905 25.495469 25.771748
3 5 88.040905 26.835846 27.164147
3 6 88.040905 35.826143 28.439295
3 7 88.040905 39.873243 27.340026
3 8 88.040905 42.243382 25.925015
3 9 88.040905 43.684951 25.406257
3 10 88.040905 49.174934 22.041576
3 11 88.040905 48.976918 23.977808
3 12 88.040905 46.042221 25.761467
3 13 88.040905 49.296054 23.020455
3 14 88.040905 54.471353 21.649209
3 15 88.040905 48.975224 24.843016
3 16 88.040905 50.220258 25.724085
3 17 88.040905 53.222308 20.704504
3 18 91.529262 54.192616 20.578946
3 19 91.529262 52.372066 23.312932
3 20 91.529262 51.654495 24.517264
3 21 91.529262 53.677532 18.327817
3 22 91.529262 51.586083 22.341049
3 23 91.529262 54.740948 20.596717
3 24 91.529262 53.817377 19.805317
3 25 91.529262 55.747903 17.530379
3 26 91.529262 54.85952 18.845076
3 27 91.529262 54.618098 18.901257
3 28 91.529262 55.65014 18.510112
3 29 91.529262 54.891008 17.072139
4 0 74.751957 1.066535 15.904266
4 1 74.751957 13.470363 19.515148
4 2 74.881903 24.66092 22.358371
4 3 86.39141 34.493672 23.129281
4 4 86.39141 39.343852 23.652126
4 5 87.038793 45.711445 22.297754
4 6 89.095207 50.03522 19.677646
4 7 89.095207 47.859682 23.365883
4 8 89.095207 48.596608 21.695597
4 9 89.095207 49.89065 21.7168
4 10 89.095207 48.033415 22.096222
4 11 90.557367 45.204555 26.326066
4 12 90.557367 47.892021 24.800674
4 13 90.557367 53.158429 21.175669
4 14 90.557367 53.851728 21.007435
4 15 90.557367 54.748353 17.729789
4 16 90.557367 50.168021 22.067655
4 17 90.557367 47.500818 25.500843
4 18 90.557367 51.126218 22.45408
4 19 90.557367 52.853414 21.313228
4 20 90.557367 51.653986 22.553894
4 21 90.557367 54.747764 20.503635
4 22 90.557367 52.343971 21.740059
4 23 90.557367 48.304934 23.119786
4 24 90.557367 54.870599 20.574795
4 25 90.557367 52.703858 22.115159
4 26 90.557367 55.068147 18.887251
4 27 90.557367 52.006888 20.350449
4 28 90.557367 58.331483 16.220588
4 29 90.557367 56.218252 19.16652
5 0 30.179917 -2.084719 8.746565
5 1 57.466611 4.648752 13.733211
5 2 57.466611 8.651731 14.675488
5 3 88.264435 17.758692 17.36349
5 4 88.264435 27.42046 17.091065
5 5 88.264435 30.502931 20.018455
5 6 88.264435 37.158429 18.745013
5 7 88.264435 39.272163 22.114527
5 8 88.264435 37.165757 22.97378
5 9 88.264435 40.596561 21.637898
5 10 88.646757 44.033281 24.491448
5 11 88.646757 46.42103 23.438135
5 12 88.646757 43.261757 24.368778
5 13 88.646757 46.923478 23.202671
5 14 89.017915 46.317752 24.986965
5 15 89.017915 46.781965 23.639625
5 16 89.017915 41.853892 27.932363
5 17 89.017915 44.013962 26.656523
5 18 89.017915 46.581741 25.845822
5 19 89.017915 44.561162 26.798818
5 20 89.19141 47.25744 26.676327
5 21 89.19141 46.786434 26.536092
5 22 89.19141 42.672256 28.794985
5 23 89.19141 45.642915 25.75022
5 24 89.19141 43.733363 27.157294
5 25 89.19141 46.93804 25.39476
5 26 89.19141 42.225166 26.661993
5 27 90.729262 41.735823 28.939923
5 28 90.729262 44.842735 25.469577
5 29 90.729262 43.337161 28.395632
6 0 56.742332 0.38233 13.664257
6 1 83.742332 10.435743 19.727714
6 2 83.742332 16.425329 19.44688
6 3 85.99141 22.468182 21.2774
6 4 85.99141 25.068209 22.635262
6 5 85.99141 27.910416 25.509876
6 6 85.99141 30.664344 28.293449
6 7 85.99141 32.590922 28.610459
6 8 85.99141 43.413415 26.715223
6 9 85.99141 48.296926 25.807854
6 10 85.99141 49.325111 24.505297
6 11 86.638793 53.212374 21.998897
6 12 87.266602 48.185147 24.855574
6 13 87.266602 55.122726 20.472729
6 14 87.266602 55.756356 17.872305
6 15 88.393424 56.989665 16.682505
6 16 88.393424 57.405694 16.261043
6 17 88.393424 57.50266 16.646917
6 18 88.393424 59.291033 14.64836
6 19 88.393424 62.191679 14.54785
6 20 88.393424 54.16469 21.487096
6 21 89.154995 56.42058 19.541217
6 22 89.154995 58.383879 19.432238
6 23 89.154995 58.623199 19.855391
6 24 89.154995 57.873669 21.340289
6 25 89.154995 56.844945 20.274576
6 26 89.154995 55.630994 20.945938
6 27 89.154995 60.23463 19.209274
6 28 89.154995 59.832559 18.787555
6 29 89.154995 57.196476 21.223075
7 0 56.742332 -1.04551 10.449181
7 1 56.742332 5.238819 14.219901
7 2 66.478539 11.821759 17.573179
7 3 66.478539 16.905085 17.973741
7 4 66.478539 23.063616 18.442587
7 5 66.478539 25.136848 21.148869
7 6 74.732799 29.282646 21.680574
7 7 74.732799 32.927684 22.861688
7 8 86.838793 40.417405 22.965983
7 9 86.838793 41.116871 22.57546
7 10 86.838793 45.933361 22.118303
7 11 89.815851 44.557527 26.673637
7 12 89.815851 41.048655 25.768404
7 13 89.815851 49.91994 22.012889
7 14 89.815851 50.245658 22.529706
7 15 89.815851 47.782409 26.361162
7 16 89.815851 51.032287 22.703421
7 17 89.815851 50.279106 21.893537
7 18 89.815851 54.460666 20.933601
7 19 89.815851 54.52782 20.887393
7 20 89.815851 53.289114 21.296633
7 21 89.815851 54.556503 20.171479
7 22 89.815851 55.492147 18.631163
7 23 89.815851 54.445843 21.227718
7 24 91.529262 57.611004 16.52214
7 25 91.529262 53.429819 22.139179
7 26 91.529262 48.611274 24.23146
7 27 91.529262 53.559602 23.792064
7 28 91.529262 52.053677 22.400818
7 29 91.529262 48.434426 26.185952
8 0 65.991187 2.230608 16.639376
8 1 65.991187 8.822564 20.447951
8 2 84.273074 18.044238 23.768207
8 3 85.79141 30.422161 24.838141
8 4 85.79141 40.219556 23.306521
8 5 86.211736 47.063113 21.433894
8 6 86.211736 49.988777 20.030672
8 7 86.211736 53.367333 17.239577
8 8 86.813791 55.231267 18.449808
8 9 86.813791 52.585627 20.792698
8 10 86.813791 54.103102 19.175857
8 11 86.813791 50.26982 23.542462
8 12 86.813791 49.59618 25.565619
8 13 86.813791 53.979572 20.451157
8 14 87.217915 57.236951 18.103717
8 15 87.217915 47.01037 26.14681
8 16 87.217915 50.895666 24.315343
8 17 87.217915 52.084531 24.475071
8 18 87.217915 55.037324 23.150178
8 19 87.217915 48.108129 27.305296
8 20 88.593424 44.3559 30.769921
8 21 88.593424 37.746555 31.310332
8 22 88.593424 45.384899 28.998074
8 23 88.593424 48.513362 27.903852
8 24 88.593424 46.419129 29.018683
8 25 88.593424 45.168213 30.413322
8 26 88.593424 44.342552 28.885312
8 27 88.593424 46.606989 29.768763
8 28 88.593424 47.502778 28.941631
8 29 88.593424 44.368008 28.816739
9 0 74.714002 -0.286805 12.690038
9 1 74.714002 6.08738 17.222658
9 2 74.751957 10.802588 18.563735
9 3 74.888533 18.212448 19.308572
9 4 74.888533 22.305222 17.622588
9 5 74.888533 24.243277 18.241239
9 6 74.888533 21.909772 21.77049
9 7 74.888533 23.33922 24.104151
9 8 74.888533 22.026592 24.425902
9 9 84.593424 29.268403 25.609634
9 10 86.049357 29.622397 27.324529
9 11 86.049357 29.679183 27.906139
9 12 86.049357 35.99284 27.383441
9 13 86.049357 40.297316 27.348535
9 14 86.049357 38.404729 28.319763
9 15 86.049357 38.621143 27.886429
9 16 86.213791 44.393241 26.062512
9 17 86.213791 49.121918 24.04495
9 18 86.213791 41.45601 28.824509
9 19 86.213791 37.660477 28.965195
9 20 86.213791 41.220677 28.205566
9 21 87.618586 40.651598 28.723211
9 22 87.618586 48.694341 24.245569
9 23 87.618586 45.098537 25.57828
9 24 87.618586 44.325071 25.311766
9 25 87.618586 49.626467 24.676757
9 26 87.618586 44.991818 26.72886
9 27 87.618586 44.550492 26.874453
9 28 88.19141 44.255379 27.837385
9 29 88.19141 48.284434 24.170031