
0 0 29.849397 -0.55907 9.309879
0 1 29.849397 2.878429 11.39904
0 2 29.849397 7.362939 12.67814
0 3 47.63353 14.30818 11.970896
0 4 47.63353 14.099355 11.696761
0 5 47.63353 14.661104 11.794246
0 6 47.63353 16.958588 10.338011
0 7 47.63353 16.629367 11.465476
0 8 47.63353 18.296752 9.215448
0 9 47.63353 16.341183 11.109448
0 10 47.63353 18.518226 10.315386
0 11 47.63353 15.764199 11.712558
0 12 47.63353 17.957792 10.742655
0 13 47.63353 17.431406 11.219607
0 14 74.024586 16.659309 12.930709
0 15 74.024586 15.098523 13.316214
0 16 74.024586 17.380184 13.905498
0 17 74.024586 17.973356 13.438621
0 18 74.024586 19.053372 13.063619
0 19 74.024586 20.57782 11.953463
0 20 74.024586 18.274046 13.106533
0 21 74.024586 19.158166 13.042175
0 22 74.024586 19.225421 12.659417
0 23 74.024586 20.881529 11.232342
0 24 74.024586 20.677096 11.684497
0 25 74.024586 21.33102 11.672532
0 26 74.024586 18.882114 13.72515
0 27 74.024586 21.906427 12.190156
0 28 74.024586 21.943145 13.124059
0 29 74.024586 18.693614 14.991445
1 0 30.279688 0.762034 10.432045
1 1 47.056878 7.062181 13.215807
1 2 47.056878 11.976672 12.527922
1 3 47.056878 14.002705 11.493215
1 4 47.056878 14.210008 11.684131
1 5 47.056878 14.189504 12.319465
1 6 47.056878 11.864372 13.459901
1 7 47.056878 12.025902 12.975211
1 8 47.056878 15.16279 12.126822
1 9 47.056878 16.176349 11.691172
1 10 47.056878 16.910823 11.807407
1 11 47.056878 17.266251 11.314861
1 12 47.056878 16.705637 11.863426
1 13 47.056878 17.665523 10.949927
1 14 48.003548 17.261518 11.386917
1 15 48.003548 18.675559 10.365042
1 16 48.003548 17.978983 10.883563
1 17 48.003548 16.885313 11.147733
1 18 48.003548 20.036732 9.758605
1 19 48.003548 19.055085 10.073468
1 20 48.003548 18.250388 10.991683
1 21 48.003548 19.141832 10.00871
1 22 65.836685 19.331416 11.497637
1 23 65.836685 18.877727 11.360254
1 24 65.836685 18.98909 11.546386
1 25 65.836685 17.780059 12.415565
1 26 65.836685 17.945569 12.277617
1 27 65.836685 17.587096 12.185422
1 28 65.836685 16.005002 13.232411
1 29 65.836685 15.875469 13.172739
2 0 21.686794 0.030972 9.356305
2 1 39.203942 2.04214 10.8158
2 2 65.283405 9.241368 13.116108
2 3 65.283405 13.587064 12.105799
2 4 65.283405 17.015649 12.335718
2 5 65.283405 15.646988 13.254045
2 6 65.283405 17.469699 12.234215
2 7 65.283405 17.513632 12.967445
2 8 65.283405 15.186393 14.493559
2 9 65.283405 14.908642 13.648466
2 10 65.283405 17.067454 13.447498
2 11 65.283405 17.744042 12.450574
2 12 65.283405 18.734014 12.55222
2 13 65.283405 18.463589 12.972108
2 14 65.283405 18.449039 12.927378
2 15 65.283405 18.780833 13.412146
2 16 65.283405 18.778319 13.390993
2 17 65.283405 20.85884 11.956154
2 18 65.283405 19.812584 12.849187
2 19 65.283405 18.300713 14.62366
2 20 65.283405 18.871708 13.721561
2 21 65.283405 19.20044 13.76137
2 22 65.283405 18.606177 14.476133
2 23 73.710389 18.775849 16.056222
2 24 73.710389 16.475783 16.906003
2 25 73.710389 19.36639 16.468711
2 26 73.710389 18.638359 18.0531
2 27 88.317843 18.330271 18.834454
2 28 88.317843 20.647269 17.80959
2 29 88.317843 19.480084 18.453983
3 0 39.194865 -0.426696 9.429531
3 1 39.194865 4.307258 12.233228
3 2 47.246562 8.489547 13.288867
3 3 65.23727 11.590251 14.417207
3 4 65.23727 13.766718 13.411325
3 5 65.23727 14.860594 13.057652
3 6 65.519955 14.758049 15.240049
3 7 65.519955 13.764114 15.755103
3 8 65.519955 13.731598 16.905939
3 9 65.519955 14.471229 15.927624
3 10 65.519955 11.828916 17.158017
3 11 65.519955 12.612668 17.020673
3 12 65.519955 13.593147 17.433247
3 13 65.519955 12.478114 17.40115
3 14 65.519955 13.082513 17.533856
3 15 65.519955 11.505999 17.08629
3 16 65.519955 11.524344 17.015236
3 17 65.519955 11.408227 17.515886
3 18 65.519955 11.781355 18.230732
3 19 65.519955 13.959493 17.327616
3 20 65.519955 13.006543 17.713167
3 21 65.519955 16.533556 16.736166
3 22 65.519955 14.758722 18.04694
3 23 65.519955 13.843221 17.965949
3 24 65.519955 13.249449 17.989565
3 25 65.519955 13.831381 17.711079
3 26 65.519955 14.033697 17.548882
3 27 65.519955 15.463841 17.666305
3 28 65.519955 15.570973 18.538954
3 29 65.519955 18.133961 19.097567
4 0 37.936096 -1.240034 9.809647
4 1 48.188859 2.260711 12.870958
4 2 48.188859 5.374304 14.071752
4 3 65.129947 7.369004 15.168691
4 4 74.364053 10.111518 16.169523
4 5 74.364053 12.039179 15.895818
4 6 74.364053 16.041521 15.177828
4 7 74.364053 14.894209 15.63908
4 8 74.364053 15.268251 15.529344
4 9 74.364053 14.630059 15.844074
4 10 74.364053 14.730544 17.149923
4 11 74.364053 16.542474 15.970486
4 12 74.364053 16.255544 16.341943
4 13 74.364053 15.731186 16.230181
4 14 74.364053 16.566243 16.926206
4 15 74.364053 15.703105 18.442089
4 16 74.364053 15.564564 17.213568
4 17 74.364053 15.96595 17.581978
4 18 74.364053 17.129971 17.746105
4 19 74.364053 19.362878 17.459731
4 20 74.364053 14.841043 18.189297
4 21 74.364053 18.203555 18.130092
4 22 74.364053 15.238593 19.26863
4 23 83.904135 17.886999 19.547398
4 24 83.904135 15.983127 19.799144
4 25 83.904135 16.844629 19.57961
4 26 83.904135 19.130726 18.959875
4 27 83.904135 17.57109 20.646285
4 28 83.904135 18.84294 19.572929
4 29 83.904135 20.901703 20.558188
5 0 21.858336 -2.403574 7.896827
5 1 46.840708 2.167003 11.589591
5 2 46.840708 5.239044 12.937166
5 3 84.097317 5.729718 14.880525
5 4 84.097317 11.538638 15.017251
5 5 84.097317 13.189529 16.22252
5 6 84.097317 14.096642 15.201493
5 7 84.097317 12.445586 15.200954
5 8 84.097317 11.522466 15.452116
5 9 84.097317 13.643653 15.222375
5 10 84.097317 12.99445 15.786664
5 11 84.377434 14.894543 16.380865
5 12 84.377434 16.506454 15.911706
5 13 84.377434 17.079812 15.801812
5 14 84.377434 18.125888 16.129829
5 15 84.377434 19.437109 15.820262
5 16 84.377434 18.36289 16.499836
5 17 84.377434 17.313376 17.528622
5 18 84.377434 18.583791 16.922682
5 19 84.377434 16.958518 17.685937
5 20 84.377434 20.665447 15.755953
5 21 84.377434 20.777638 17.362999
5 22 84.377434 20.670019 17.052573
5 23 84.377434 22.928175 17.226362
5 24 84.377434 19.65467 18.981684
5 25 84.377434 20.052997 18.336162
5 26 84.377434 23.318379 17.763384
5 27 84.377434 21.280843 18.381337
5 28 84.377434 21.779387 19.611019
5 29 85.300816 22.24159 21.486819
6 0 21.620103 -0.871419 8.381459
6 1 39.122264 2.983073 11.787649
6 2 39.122264 10.307015 12.4433
6 3 39.122264 14.024298 11.332062
6 4 39.122264 17.671994 8.961623
6 5 39.122264 17.16946 10.331082
6 6 39.122264 15.979541 10.770949
6 7 39.122264 17.153979 10.889538
6 8 39.122264 17.529581 10.395421
6 9 39.122264 17.62818 9.827959
6 10 39.122264 17.882124 10.28827
6 11 39.122264 19.264219 8.957186
6 12 39.122264 18.210968 10.023723
6 13 39.122264 16.511237 11.426883
6 14 39.122264 19.113003 9.407731
6 15 39.122264 17.15106 10.048983
6 16 39.122264 19.104826 9.157609
6 17 39.122264 19.195315 9.017809
6 18 39.122264 17.301245 10.253984
6 19 39.122264 18.390572 9.659627
6 20 39.431655 17.484924 10.626526
6 21 39.431655 18.548524 10.15805
6 22 39.431655 19.267299 8.953709
6 23 47.047271 19.275195 10.169311
6 24 47.047271 19.364074 9.71834
6 25 47.047271 18.200435 11.244844
6 26 83.904975 19.783057 12.530172
6 27 83.904975 19.169314 12.041142
6 28 83.904975 20.149943 11.401768
6 29 83.904975 19.598646 12.515148
7 0 30.486571 0.861731 10.359989
7 1 30.486571 6.620551 12.539847
7 2 30.486571 10.597518 12.27408
7 3 48.122264 14.906022 12.110504
7 4 48.122264 14.253969 12.150038
7 5 48.122264 15.27938 11.811424
7 6 48.122264 17.942655 11.037302
7 7 48.122264 17.631843 11.039588
7 8 48.122264 17.223044 10.942105
7 9 48.122264 15.152653 12.016047
7 10 48.122264 17.564645 10.975702
7 11 48.122264 16.083507 11.287209
7 12 48.122264 17.167707 11.413133
7 13 48.122264 18.212869 10.337002
7 14 48.122264 17.769348 10.199727
7 15 48.122264 17.835696 10.070112
7 16 48.122264 18.011678 10.376023
7 17 48.122264 17.92825 9.719965
7 18 48.122264 19.721733 8.522493
7 19 48.122264 18.293982 10.24973
7 20 48.122264 19.825812 8.924673
7 21 48.122264 17.939812 10.267681
7 22 48.122264 18.121126 10.548118
7 23 48.122264 18.31341 10.094607
7 24 48.122264 15.7958 11.588898
7 25 48.122264 19.739302 9.07048
7 26 48.122264 19.742791 9.659197
7 27 48.122264 18.785468 9.339385
7 28 48.122264 19.940805 9.039359
7 29 48.122264 19.860169 9.719786
8 0 30.43548 -1.451543 8.831985
8 1 30.758253 4.378869 12.010991
8 2 30.758253 4.092945 12.381687
8 3 39.219256 7.430931 13.271532
8 4 39.219256 6.756354 13.373106
8 5 39.219256 10.811689 13.604072
8 6 39.219256 9.858642 12.876697
8 7 39.219256 8.236655 12.965417
8 8 84.078299 11.500777 15.115303
8 9 84.078299 8.772175 15.876508
8 10 84.078299 9.343034 15.675505
8 11 84.078299 7.984569 15.989551
8 12 84.078299 9.330614 16.426791
8 13 84.078299 10.070579 17.371367
8 14 84.078299 9.163105 17.194968
8 15 84.078299 13.181403 17.049498
8 16 84.078299 13.071556 17.613311
8 17 84.078299 15.175829 17.834038
8 18 84.078299 16.802745 17.809235
8 19 84.078299 16.03697 17.079025
8 20 84.078299 16.838167 17.411155
8 21 84.078299 16.983312 16.763153
8 22 84.078299 18.098817 16.840041
8 23 84.078299 18.104309 17.635467
8 24 84.078299 15.128626 18.150891
8 25 84.078299 15.637473 18.393374
8 26 84.078299 17.335142 19.827156
8 27 84.078299 13.025814 20.327874
8 28 84.078299 13.951149 20.02748
8 29 84.078299 15.363371 20.049246
9 0 56.316639 -0.067507 11.125019
9 1 56.316639 4.566557 14.206058
9 2 56.316639 7.763312 14.317458
9 3 56.316639 11.827882 13.466283
9 4 56.316639 12.677036 13.264928
9 5 56.316639 14.479586 12.805714
9 6 56.316639 14.470854 12.70376
9 7 56.316639 16.090798 12.027321
9 8 56.316639 16.103079 12.535876
9 9 56.316639 16.374888 12.177877
9 10 56.316639 16.337572 12.717773
9 11 56.316639 15.006726 13.159902
9 12 56.316639 15.822192 12.82532
9 13 56.316639 16.986196 12.295058
9 14 56.316639 15.952453 12.944171
9 15 56.316639 16.142812 13.758529
9 16 56.316639 15.00536 14.342184
9 17 56.316639 13.875325 13.842228
9 18 56.316639 17.680701 13.240567
9 19 56.316639 17.714817 12.487073
9 20 56.316639 15.031876 14.658465
9 21 56.316639 15.945373 14.821761
9 22 56.316639 12.537204 15.713477
9 23 56.316639 13.013953 16.301059
9 24 56.316639 13.277802 16.705163
9 25 56.316639 9.917208 16.658158
9 26 56.316639 12.464267 17.879844
9 27 56.316639 13.729857 17.893574
9 28 56.316639 13.797889 18.358447
9 29 56.316639 14.908345 17.243625