
0 0 92.250924 10.174465 30.935257
0 1 92.250924 24.326702 38.612581
0 2 92.64704 28.799132 38.943452
0 3 92.64704 48.131489 38.468181
0 4 92.690612 49.724484 37.972575
1 0 91.490612 13.591143 35.074081
1 1 91.490612 27.293388 39.044333
1 2 91.790514 39.306287 40.924032
1 3 91.790514 54.300905 35.608474
1 4 92.690612 68.080679 31.106341
2 0 91.490612 7.28356 26.623857
2 1 91.490612 20.258247 36.54086
2 2 93.002788 35.77884 39.980962
2 3 93.002788 49.163794 41.632491
2 4 93.002788 56.590313 37.554513
0 0 91.490612 12.341417 33.173069
0 1 92.769562 28.381523 40.569179
0 2 92.93194 37.116901 41.516537
0 3 92.93194 56.556171 38.18364
0 4 92.93194 55.580447 40.041293
0 5 92.93194 59.247144 38.955395
0 6 92.93194 56.820418 39.129246
0 7 93.202788 62.751363 36.998531
0 8 93.202788 70.912867 28.483615
0 9 93.202788 63.79823 37.1408
0 10 93.202788 68.357206 31.473767
0 11 93.202788 58.375897 36.67796
0 12 93.202788 67.594844 33.834389
0 13 93.202788 60.564385 36.943241
0 14 93.202788 67.85733 32.317751
0 15 93.202788 66.568466 32.583873
0 16 93.202788 74.119228 29.521559
0 17 93.202788 73.670342 31.901981
0 18 93.202788 67.073769 37.092202
0 19 93.202788 73.199602 30.707681
0 20 93.33194 73.380265 30.46996
0 21 93.33194 66.138762 31.28001
0 22 93.802788 71.97581 26.837153
0 23 93.802788 76.52054 26.024792
0 24 93.802788 68.177514 33.15772
0 25 93.802788 74.781014 28.730309
0 26 93.802788 71.681858 28.79458
0 27 93.802788 74.061697 25.474683
0 28 93.802788 69.695929 29.391222
0 29 93.802788 74.425908 25.51511
1 0 91.490612 9.822358 30.966039
1 1 91.963047 31.738591 39.930895
1 2 93.409567 49.13874 38.770149
1 3 93.409567 56.688127 36.646409
1 4 93.409567 52.07672 36.492289
1 5 93.409567 65.022765 31.877569
1 6 93.409567 59.215556 31.651687
1 7 93.409567 69.778471 26.574401
1 8 93.409567 65.884222 30.265239
1 9 93.409567 67.02027 30.113681
1 10 93.409567 64.195375 32.591171
1 11 93.409567 72.345932 26.105208
1 12 93.409567 67.66292 27.302588
1 13 93.409567 66.863342 26.010729
1 14 93.409567 64.024596 31.536672
1 15 93.409567 64.610398 25.919485
1 16 93.409567 68.987721 25.486113
1 17 93.409567 71.961082 25.430609
1 18 93.409567 74.905489 24.342341
1 19 93.409567 71.339874 28.0221
1 20 93.409567 73.375822 25.241006
1 21 93.409567 74.270355 23.758597
1 22 93.409567 75.212249 23.668491
1 23 93.888012 70.736655 23.655552
1 24 93.888012 74.481694 23.539356
1 25 93.888012 72.114922 25.210714
1 26 93.888012 76.410867 23.345898
1 27 93.888012 70.259165 28.951651
1 28 93.888012 69.602662 27.584002
1 29 93.888012 69.182282 26.255197
2 0 91.490612 10.382598 32.087612
2 1 92.694668 26.657068 39.564653
2 2 92.694668 39.689929 42.24071
2 3 92.694668 51.675439 40.294251
2 4 92.756575 65.409065 33.604989
2 5 92.756575 62.692522 35.681353
2 6 93.072124 58.005164 34.832377
2 7 93.072124 69.160548 30.882139
2 8 93.072124 66.121074 34.354224
2 9 93.072124 70.32028 27.859826
2 10 93.072124 66.955305 32.675946
2 11 93.072124 78.968503 21.07025
2 12 93.072124 66.876503 31.473251
2 13 93.072124 74.245911 27.168271
2 14 93.072124 69.201731 30.838279
2 15 93.072124 71.345339 30.905355
2 16 93.072124 73.42132 29.138843
2 17 93.072124 70.428811 30.648999
2 18 93.072124 70.299313 31.207858
2 19 93.072124 66.324326 35.066197
2 20 93.072124 68.558318 32.513311
2 21 93.072124 65.870559 35.479984
2 22 93.072124 66.62302 34.466252
2 23 93.072124 70.235194 30.845376
2 24 93.072124 71.895527 33.425711
2 25 93.072124 70.343383 34.045132
2 26 93.072124 73.798981 27.351304
2 27 93.209567 73.311336 30.01541
2 28 93.209567 78.045753 23.13268
2 29 93.209567 74.908139 28.013705
3 0 87.629516 10.364576 27.806396
3 1 91.490612 19.647967 36.639966
3 2 92.189365 37.576051 38.098925
3 3 92.189365 50.660705 38.286965
3 4 92.189365 52.788616 38.88289
3 5 92.250924 59.305149 37.589531
3 6 92.864202 67.298706 33.302478
3 7 92.864202 62.336814 32.410789
3 8 92.864202 60.228395 36.109867
3 9 92.864202 66.890043 30.249994
3 10 93.202788 68.271119 31.207739
3 11 93.202788 66.866776 30.440045
3 12 93.202788 66.379098 28.957076
3 13 93.202788 72.755277 24.928143
3 14 93.202788 68.80512 29.531596
3 15 93.207043 66.151967 32.715951
3 16 93.207043 67.719501 32.231027
3 17 93.207043 67.512698 32.221181
3 18 93.207043 66.091647 32.319031
3 19 93.207043 72.296959 26.859915
3 20 93.207043 65.052559 34.005608
3 21 93.207043 68.944754 29.814209
3 22 93.207043 74.15246 27.893447
3 23 93.207043 73.733186 30.30653
3 24 93.207043 77.290717 24.649185
3 25 93.207043 75.690032 25.615898
3 26 93.409567 77.776548 23.03447
3 27 93.409567 78.310681 24.148821
3 28 93.409567 82.72602 17.713081
3 29 93.409567 77.808588 27.223738
4 0 92.801503 12.284169 33.697637
4 1 93.327729 26.893087 40.592164
4 2 93.409567 34.740307 40.182874
4 3 93.409567 55.632151 35.791206
4 4 93.409567 54.146859 35.670888
4 5 93.409567 61.462303 36.828398
4 6 93.409567 53.242404 37.746281
4 7 93.409567 62.98499 36.658748
4 8 93.409567 70.456334 32.036846
4 9 93.409567 58.474663 36.930211
4 10 93.409567 63.60257 32.079953
4 11 93.409567 62.509584 35.476058
4 12 93.409567 71.442894 27.432219
4 13 93.409567 71.15115 26.469767
4 14 93.409567 71.356162 26.388802
4 15 93.409567 70.702086 27.339467
4 16 93.409567 67.640104 27.987217
4 17 93.409567 71.828213 23.924486
4 18 93.409567 77.418041 21.997866
4 19 93.409567 77.132917 21.41886
4 20 93.409567 70.491477 29.211078
4 21 93.409567 75.106724 27.10882
4 22 93.409567 71.707624 26.332033
4 23 93.409567 72.649109 25.367533
4 24 93.409567 69.765993 27.247642
4 25 93.409567 67.802216 29.448899
4 26 93.409567 67.602108 30.067012
4 27 93.409567 75.818801 23.517021
4 28 93.409567 74.021766 25.862109
4 29 93.409567 65.93783 28.32161
5 0 91.490612 14.535474 34.246006
5 1 91.972379 36.749361 42.937562
5 2 92.250924 37.739354 42.649155
5 3 92.250924 53.682232 40.840406
5 4 92.45124 55.741619 38.076468
5 5 92.45124 59.13518 35.815117
5 6 92.568788 65.10709 33.016755
5 7 92.64704 61.64467 34.730519
5 8 92.690612 63.890431 35.562942
5 9 92.690612 65.622191 32.442023
5 10 92.690612 57.970251 37.083838
5 11 92.690612 71.519611 26.655776
5 12 92.690612 68.600163 28.253505
5 13 92.690612 67.216985 32.139122
5 14 92.93194 71.118977 30.336424
5 15 92.93194 71.344718 29.717802
5 16 93.202788 74.973861 27.089929
5 17 93.202788 73.999603 26.835196
5 18 93.202788 73.135307 26.120825
5 19 93.202788 71.442618 29.340113
5 20 93.202788 68.94962 30.989171
5 21 93.202788 73.434544 31.265902
5 22 93.202788 72.394632 35.076554
5 23 93.202788 73.898715 29.329971
5 24 93.202788 70.576434 31.242074
5 25 93.202788 69.176081 32.037328
5 26 93.202788 78.601752 22.506887
5 27 93.202788 76.158795 28.171606
5 28 93.202788 83.516491 18.892916
5 29 93.202788 76.468842 26.465115
6 0 91.490612 11.257219 29.869381
6 1 91.490612 26.183369 38.748176
6 2 92.04704 38.950826 40.905588
6 3 93.13194 64.398924 35.438264
6 4 93.13194 69.412936 30.57357
6 5 93.13194 70.924426 27.96189
6 6 93.13194 72.086601 29.097513
6 7 93.13194 70.211384 30.350171
6 8 93.13194 72.857044 28.589117
6 9 93.13194 74.95804 28.332625
6 10 93.13194 77.578512 25.653928
6 11 93.13194 75.325156 28.362234
6 12 93.13194 76.607021 26.250514
6 13 93.13194 77.423304 27.178891
6 14 93.13194 74.857253 27.01239
6 15 93.13194 80.922012 22.125186
6 16 93.13194 77.276346 26.137109
6 17 93.13194 75.194495 30.512638
6 18 93.13194 79.467204 26.817566
6 19 93.13194 76.016006 30.553127
6 20 93.13194 78.376347 27.342711
6 21 93.13194 71.918767 32.121628
6 22 93.13194 77.305971 26.539398
6 23 93.13194 77.636059 25.912538
6 24 93.13194 76.07973 29.345845
6 25 93.13194 76.603263 28.127843
6 26 93.13194 77.001525 28.629079
6 27 93.13194 78.805291 24.339998
6 28 93.13194 83.20442 20.498422
6 29 93.13194 82.101682 22.740982
7 0 91.490612 8.158032 27.368439
7 1 91.90625 18.59195 35.429138
7 2 91.90625 29.900412 39.176949
7 3 91.90625 45.801289 41.323658
7 4 91.90625 47.503308 39.365979
7 5 91.90625 55.58768 37.901185
7 6 92.64704 50.45102 38.915412
7 7 92.64704 59.566186 34.593844
7 8 92.64704 63.076604 34.15168
7 9 92.64704 60.168612 35.864949
7 10 92.64704 63.635975 33.262093
7 11 92.64704 68.226205 33.488628
7 12 92.690612 73.489212 30.094903
7 13 92.690612 75.900859 26.917073
7 14 92.690612 82.225787 21.746252
7 15 92.690612 73.882689 26.666038
7 16 93.002788 75.894272 27.746245
7 17 93.002788 71.839284 32.428806
7 18 93.002788 74.932165 29.628706
7 19 93.002788 72.581354 27.874012
7 20 93.002788 78.364863 25.198811
7 21 93.33194 78.435049 22.746388
7 22 93.33194 82.373539 20.650428
7 23 93.33194 80.202233 24.057244
7 24 93.33194 79.144809 21.292463
7 25 93.33194 76.816353 24.956496
7 26 93.33194 77.607825 26.733811
7 27 93.33194 80.742371 23.477908
7 28 93.33194 80.580843 23.097524
7 29 93.33194 83.25049 18.348564
8 0 92.596054 6.827073 28.542229
8 1 92.596054 13.51337 33.783117
8 2 93.336168 32.392869 43.337497
8 3 93.336168 47.731863 41.682899
8 4 93.336168 50.53002 41.159365
8 5 93.336168 56.232347 40.364105
8 6 93.336168 65.224847 32.129049
8 7 93.336168 68.588016 33.131534
8 8 93.336168 62.846814 32.887709
8 9 93.336168 66.524025 33.97991
8 10 93.336168 69.673636 31.379561
8 11 93.337405 71.197857 29.981844
8 12 93.337405 77.331081 25.426734
8 13 93.337405 74.28518 27.673522
8 14 93.337405 75.452891 26.277468
8 15 93.337405 73.268605 28.279277
8 16 93.337405 66.733072 32.361859
8 17 93.337405 68.249465 32.466347
8 18 93.337405 74.037692 31.328474
8 19 93.337405 77.861852 23.228223
8 20 93.337405 76.328692 26.460065
8 21 93.337405 77.552064 25.559533
8 22 93.337405 76.718486 25.15747
8 23 93.337405 74.00217 27.108806
8 24 93.337405 74.952012 27.083383
8 25 93.337405 75.679617 27.931566
8 26 93.337405 78.621763 24.009202
8 27 93.337405 73.697287 29.690759
8 28 93.337405 71.488984 28.325989
8 29 93.409567 76.758276 24.029697
9 0 92.64704 10.709554 31.659117
9 1 92.64704 18.453996 37.99942
9 2 92.64704 27.439884 38.093695
9 3 92.64704 38.851625 39.54687
9 4 92.801503 47.669394 37.718034
9 5 92.801503 53.19067 35.564969
9 6 92.801503 62.188104 32.325448
9 7 92.932142 60.96114 36.067427
9 8 92.932142 61.49271 35.418629
9 9 92.932142 67.054035 32.956374
9 10 92.932142 71.578507 32.95432
9 11 92.932142 67.030415 37.505388
9 12 92.932142 69.083283 33.124551
9 13 92.932142 67.662466 32.844529
9 14 92.932142 69.576447 32.863934
9 15 92.932142 73.647423 30.114588
9 16 92.932142 74.585846 30.310625
9 17 92.932142 71.130621 33.272721
9 18 92.932142 77.918904 26.741278
9 19 92.932142 75.71094 27.617969
9 20 92.932142 72.179572 30.23382
9 21 92.932142 79.866038 24.64118
9 22 92.932142 73.530185 27.111765
9 23 92.932142 74.806255 27.900301
9 24 92.932142 74.575327 28.3133
9 25 93.33194 78.107982 28.036733
9 26 93.33194 74.07422 29.980676
9 27 93.33194 67.585168 33.7897
9 28 93.33194 76.099522 29.032981
9 29 93.33194 76.876953 28.77147