
0 0 75.657666 3.194253 21.486003
0 1 75.657666 12.157794 28.639316
0 2 87.272892 20.861154 32.591968
0 3 88.412892 31.462457 34.660881
0 4 88.952892 40.986416 34.453441
0 5 88.952892 34.688401 35.817047
0 6 92.938336 44.546752 33.563291
0 7 92.938336 44.939304 34.385442
0 8 92.938336 46.836023 34.021291
0 9 92.938336 42.228692 35.692604
0 10 92.938336 46.09288 35.594639
0 11 92.938336 47.19895 34.935012
0 12 92.938336 39.523607 35.079422
0 13 92.938336 44.923411 33.921291
0 14 92.938336 46.023 34.74432
0 15 92.938336 44.595262 33.891289
0 16 92.938336 47.133402 32.364906
0 17 92.938336 47.92489 34.354914
0 18 92.998336 53.795472 30.952242
0 19 92.998336 53.173128 31.577239
0 20 92.998336 52.732762 31.316741
0 21 92.998336 45.796604 35.106917
0 22 92.998336 46.722971 34.716684
0 23 92.998336 51.000823 32.661467
0 24 92.998336 48.332531 33.046084
0 25 92.998336 44.374752 34.006791
0 26 92.998336 47.064684 35.40504
0 27 92.998336 53.023479 32.842111
0 28 92.998336 52.655714 33.354978
0 29 92.998336 46.152454 35.738972
1 0 87.572892 8.888317 27.398499
1 1 87.572892 19.64294 32.690957
1 2 87.942547 29.504923 35.921383
1 3 88.052828 33.094097 36.207198
1 4 88.052828 32.709896 35.597504
1 5 88.300414 41.532406 34.462149
1 6 88.876695 45.701203 34.36266
1 7 89.058708 42.230184 34.289915
1 8 89.958708 41.252625 36.758308
1 9 89.958708 47.995585 34.000372
1 10 89.958708 53.582979 30.599823
1 11 91.663266 48.607857 33.464587
1 12 91.663266 46.055241 35.109568
1 13 91.663266 52.978443 31.828741
1 14 91.663266 48.39034 34.179611
1 15 91.663266 51.922027 30.700662
1 16 91.663266 54.599877 27.863425
1 17 91.663266 60.914197 24.750294
1 18 91.663266 57.05574 27.545752
1 19 91.663266 63.198426 23.32437
1 20 91.663266 58.73053 27.283095
1 21 91.663266 56.544941 28.128832
1 22 91.663266 50.952451 31.735752
1 23 91.663266 46.447682 33.948967
1 24 91.663266 50.100376 34.124264
1 25 91.663266 55.276794 30.103501
1 26 91.663266 53.753465 29.731029
1 27 91.663266 52.054117 32.518977
1 28 91.663266 46.05385 35.049175
1 29 91.663266 48.458245 34.046922
2 0 86.792892 7.188492 25.519548
2 1 86.792892 18.35069 32.783676
2 2 87.392892 28.620949 35.696375
2 3 87.392892 39.231769 36.111533
2 4 92.878336 43.103534 35.62986
2 5 92.878336 45.586836 35.067222
2 6 92.878336 47.967965 32.901169
2 7 92.878336 46.914666 34.079023
2 8 92.878336 41.070274 35.953276
2 9 92.878336 46.132853 34.041672
2 10 92.878336 54.460157 31.011876
2 11 92.878336 50.019499 33.537311
2 12 92.878336 51.170924 34.441195
2 13 92.878336 51.030615 30.934168
2 14 92.878336 51.888402 31.231832
2 15 92.878336 43.745492 35.193322
2 16 92.878336 51.072465 32.467303
2 17 92.878336 49.12442 34.356027
2 18 92.878336 46.645009 34.981971
2 19 92.878336 48.735688 34.752716
2 20 92.878336 51.063817 34.511567
2 21 92.878336 44.739081 36.254357
2 22 92.878336 50.16355 32.130185
2 23 92.878336 42.535324 35.801134
2 24 92.878336 45.149989 35.163815
2 25 92.878336 46.564963 34.168105
2 26 92.878336 47.556519 35.477707
2 27 92.878336 39.205164 37.150584
2 28 92.878336 44.816685 36.693943
2 29 92.878336 44.961474 36.577014
3 0 85.782547 5.367266 23.496269
3 1 85.782547 15.989503 30.966192
3 2 85.782547 19.531647 31.863228
3 3 85.782547 26.500193 34.818585
3 4 85.782547 40.312129 34.529201
3 5 87.512892 44.565898 34.322655
3 6 87.512892 42.386302 35.10183
3 7 87.512892 51.618306 31.287828
3 8 87.758539 47.097857 34.516434
3 9 87.758539 46.744702 35.040349
3 10 87.758539 43.510126 35.622732
3 11 87.758539 51.903153 32.789496
3 12 88.811732 46.54521 35.189019
3 13 88.811732 50.994017 32.776488
3 14 88.811732 51.377465 32.00019
3 15 88.871732 51.970671 33.491276
3 16 88.871732 44.439494 35.730766
3 17 88.871732 49.696352 34.061782
3 18 89.226794 54.439737 31.848525
3 19 89.226794 45.205561 35.372619
3 20 89.226794 50.713963 32.323184
3 21 89.226794 48.24679 33.926104
3 22 89.226794 59.708238 30.479075
3 23 90.163266 57.879705 28.260006
3 24 90.163266 52.235861 32.743169
3 25 90.163266 51.473254 33.57378
3 26 90.163266 56.315746 29.952982
3 27 90.163266 56.203055 29.14222
3 28 90.163266 51.999125 33.019555
3 29 90.163266 58.573079 28.848157
4 0 86.912892 7.946819 25.541344
4 1 87.448559 17.003573 32.404999
4 2 92.818336 29.345424 35.57268
4 3 92.818336 33.214234 35.462103
4 4 92.818336 32.403157 35.919789
4 5 92.818336 39.035791 34.778544
4 6 92.818336 48.317182 31.75718
4 7 92.818336 53.176404 31.546897
4 8 92.818336 52.959706 30.299792
4 9 92.818336 48.185848 33.614373
4 10 92.818336 50.295841 32.037845
4 11 92.818336 47.689869 34.551788
4 12 92.818336 52.730537 30.438236
4 13 92.818336 50.37715 31.544272
4 14 92.818336 46.036288 33.884835
4 15 92.818336 48.397199 34.307421
4 16 92.818336 52.676215 30.675549
4 17 92.818336 53.222853 32.859678
4 18 92.818336 45.301767 34.978263
4 19 92.818336 48.956995 33.528859
4 20 92.818336 43.70121 36.386194
4 21 92.818336 50.246033 33.022543
4 22 92.818336 58.999408 26.930127
4 23 92.818336 50.410092 34.576358
4 24 92.818336 46.475664 33.507585
4 25 92.818336 47.870282 33.3228
4 26 92.818336 41.805196 35.950482
4 27 92.818336 44.692437 35.248611
4 28 92.818336 48.010259 35.626826
4 29 92.818336 42.602689 36.945786
5 0 87.572892 4.375003 23.451536
5 1 87.572892 10.307757 28.800973
5 2 87.572892 14.702063 32.113762
5 3 90.142788 18.198157 34.491267
5 4 90.142788 26.922123 36.217699
5 5 90.142788 26.743309 36.175307
5 6 90.142788 35.911494 37.48288
5 7 90.142788 31.334195 37.82207
5 8 90.142788 37.177796 37.673511
5 9 90.142788 38.572515 36.123441
5 10 90.142788 47.333046 35.362548
5 11 90.142788 50.954976 33.831775
5 12 90.142788 49.967912 33.915244
5 13 90.244722 45.212323 36.49699
5 14 90.244722 46.503413 37.021599
5 15 90.244722 50.729929 35.561158
5 16 90.827427 48.487855 34.349059
5 17 90.827427 54.834789 31.449524
5 18 90.827427 57.641358 28.784232
5 19 90.827427 56.979925 31.65483
5 20 90.827427 53.73788 32.005489
5 21 91.757198 56.976312 32.776765
5 22 92.818336 55.642812 34.20096
5 23 92.818336 53.11715 33.742985
5 24 92.818336 54.454428 35.241681
5 25 92.818336 60.328621 28.819547
5 26 92.818336 56.404744 32.370749
5 27 92.818336 61.672525 28.187292
5 28 92.818336 62.887483 28.640861
5 29 92.818336 60.88545 30.544422
6 0 89.056695 7.776899 26.404691
6 1 89.061683 17.533953 32.766873
6 2 89.061683 25.898405 35.032276
6 3 89.061683 43.875495 36.012376
6 4 89.061683 48.470165 33.694611
6 5 89.061683 48.688331 34.363968
6 6 89.061683 45.952402 34.295654
6 7 89.061683 49.742469 34.401868
6 8 89.128142 49.802216 34.499597
6 9 89.128142 50.140532 33.208607
6 10 89.372892 44.431059 34.314351
6 11 89.372892 49.046217 34.160707
6 12 89.372892 53.674839 31.191081
6 13 89.372892 46.126311 34.918576
6 14 89.372892 50.386426 32.857941
6 15 89.411732 52.336924 32.185042
6 16 89.411732 49.600119 32.41535
6 17 89.411732 48.474953 33.789135
6 18 89.411732 53.863867 31.333464
6 19 89.476695 62.24278 25.424363
6 20 89.476695 59.455092 26.213631
6 21 89.476695 63.561726 25.052543
6 22 89.476695 61.114674 28.97933
6 23 89.476695 59.769254 28.867779
6 24 89.476695 61.085425 27.175133
6 25 89.476695 60.103178 31.355374
6 26 89.476695 61.833546 29.447164
6 27 89.526794 57.493884 32.46866
6 28 89.526794 66.725665 23.701964
6 29 89.603414 64.458707 26.424329
7 0 75.601837 7.592503 24.718094
7 1 88.112892 23.753243 33.853625
7 2 94.089365 36.206878 35.165118
7 3 94.089365 45.495334 34.914642
7 4 94.089365 58.488592 27.829107
7 5 94.089365 62.739551 24.037046
7 6 94.089365 69.644829 18.190344
7 7 94.089365 67.366391 21.575509
7 8 94.089365 69.739083 17.54554
7 9 94.089365 64.135918 25.844132
7 10 94.089365 62.707983 28.107953
7 11 94.089365 65.658139 25.099798
7 12 94.089365 67.339436 22.162309
7 13 94.089365 67.722859 20.209552
7 14 94.089365 69.612914 18.607154
7 15 94.089365 69.06081 19.745112
7 16 94.089365 68.250236 20.857538
7 17 94.089365 74.386119 8.346129
7 18 94.089365 68.897977 19.695264
7 19 94.089365 68.43115 21.927716
7 20 94.089365 69.343092 19.482171
7 21 94.089365 70.629634 17.689891
7 22 94.089365 71.146055 18.113811
7 23 94.089365 66.893268 22.988319
7 24 94.089365 67.456639 21.370314
7 25 94.089365 65.985768 24.333763
7 26 94.089365 60.108757 29.713844
7 27 94.089365 62.443553 27.746541
7 28 94.089365 59.994595 29.801627
7 29 94.089365 58.411525 29.795165
8 0 89.056695 8.390751 28.129405
8 1 89.056695 12.347082 31.49765
8 2 89.056695 20.062799 35.247534
8 3 89.056695 35.105112 37.047042
8 4 94.180019 52.03397 34.211661
8 5 94.180019 51.673037 34.757318
8 6 94.180019 52.120708 33.089836
8 7 94.180019 54.705572 33.705271
8 8 94.180019 59.104648 29.195508
8 9 94.180019 56.94549 34.227668
8 10 94.180019 60.110312 30.911508
8 11 94.180019 55.8728 33.594858
8 12 94.180019 58.105705 30.81903
8 13 94.180019 57.836875 30.070915
8 14 94.180019 57.937174 30.197336
8 15 94.180019 55.659796 33.159311
8 16 94.180019 49.803004 35.075052
8 17 94.180019 51.603493 33.641746
8 18 94.180019 51.297319 34.752219
8 19 94.180019 52.686066 34.531832
8 20 94.180019 56.739093 33.048223
8 21 94.180019 54.554584 34.650647
8 22 94.180019 51.404354 35.258678
8 23 94.180019 51.36758 34.314932
8 24 94.180019 48.043186 34.991718
8 25 94.180019 50.232689 33.732638
8 26 94.639718 52.966911 31.325628
8 27 94.639718 55.798486 31.097202
8 28 94.639718 61.886378 25.671107
8 29 94.639718 62.872316 25.657839
9 0 85.112892 13.718233 29.609281
9 1 85.112892 26.12273 33.40829
9 2 86.792892 35.637562 34.225733
9 3 87.272892 50.058566 30.353988
9 4 89.04188 58.830797 23.502796
9 5 89.04188 58.535228 22.70621
9 6 89.04188 58.924451 24.615521
9 7 89.04188 57.597382 24.986943
9 8 89.04188 60.542604 23.787704
9 9 89.046794 62.33233 19.826161
9 10 89.046794 60.142668 23.762704
9 11 89.046794 60.830045 20.454132
9 12 89.046794 56.207369 26.38315
9 13 89.046794 59.630349 24.569646
9 14 89.046794 58.265645 25.763409
9 15 90.126794 51.784941 29.43354
9 16 90.126794 50.610721 32.001635
9 17 90.126794 48.136913 33.851536
9 18 90.126794 42.643572 36.540646
9 19 90.126794 52.511997 31.006162
9 20 94.089365 58.727597 28.468661
9 21 94.089365 57.852568 28.682839
9 22 94.089365 58.922497 27.597838
9 23 94.089365 53.741628 31.374152
9 24 94.089365 60.539198 29.556937
9 25 94.089365 62.082206 28.119662
9 26 94.089365 60.894371 28.988689
9 27 94.089365 59.953335 26.980736
9 28 94.089365 65.17837 22.089181
9 29 94.089365 61.386257 25.669468