
0 0 91.693561 5.776492 26.933205
0 1 91.693561 12.819649 32.613068
0 2 91.693561 23.44526 37.472534
0 3 91.693561 33.920067 39.889485
0 4 91.693561 42.674832 40.821331
0 5 91.693561 43.69991 40.592504
0 6 91.693561 44.370368 39.508249
0 7 91.693561 47.649575 38.903851
0 8 91.693561 42.169608 41.232806
0 9 91.693561 53.831739 37.775461
0 10 91.693561 52.78837 38.633325
0 11 91.828559 58.423009 35.935423
0 12 91.828559 60.186833 37.59647
0 13 91.828559 58.888708 39.15428
0 14 91.828559 58.568045 39.039536
0 15 91.828559 53.245762 40.688455
0 16 91.828559 55.472572 40.59659
0 17 91.828559 55.322301 41.038252
0 18 91.828559 50.126661 42.399507
0 19 91.828559 56.831911 39.736988
0 20 91.828559 53.986436 40.161049
0 21 91.828559 55.958157 37.783822
0 22 91.828559 49.757265 39.883472
0 23 91.828559 51.467078 38.809362
0 24 91.828559 52.389454 39.525261
0 25 91.828559 54.564352 39.317944
0 26 91.828559 56.430502 39.414702
0 27 91.828559 60.044742 37.473835
0 28 91.828559 55.28371 39.942998
0 29 91.828559 55.674652 39.762421
1 0 87.057882 2.261306 21.176421
1 1 89.906611 14.790272 34.034831
1 2 89.906611 24.122537 38.208766
1 3 89.906611 35.369041 41.499869
1 4 89.906611 41.138044 43.281475
1 5 89.906611 46.2597 42.358516
1 6 91.286611 57.273694 39.340657
1 7 91.286611 59.933461 39.026203
1 8 92.596695 61.242978 38.284142
1 9 92.596695 67.036877 35.384935
1 10 92.596695 65.946145 36.182603
1 11 92.596695 63.323014 37.989456
1 12 92.596695 76.894597 26.993137
1 13 92.596695 71.553989 32.900729
1 14 92.596695 62.267236 38.738871
1 15 92.596695 74.965265 29.557941
1 16 92.596695 66.627632 36.192546
1 17 92.596695 67.451384 35.262058
1 18 92.596695 60.186736 37.448894
1 19 92.596695 61.583444 38.801763
1 20 92.596695 58.443916 38.775074
1 21 92.596695 60.095361 38.016299
1 22 92.596695 64.950576 37.029066
1 23 92.596695 64.99804 35.101381
1 24 92.596695 63.548069 35.758129
1 25 92.596695 60.308476 38.81152
1 26 92.596695 60.683477 37.907714
1 27 92.596695 65.288345 36.405638
1 28 92.596695 66.834357 33.615431
1 29 92.596695 70.096481 32.172891
2 0 90.370675 6.730468 27.013641
2 1 90.370675 16.241349 33.87007
2 2 90.370675 30.016989 40.202743
2 3 90.370675 38.819456 40.555349
2 4 90.370675 52.865926 40.356002
2 5 90.370675 52.43501 39.953779
2 6 90.370675 52.242724 41.729272
2 7 90.370675 51.118229 41.380374
2 8 90.370675 55.564444 40.535911
2 9 90.679688 60.553352 38.005238
2 10 90.679688 60.187823 39.250173
2 11 90.679688 63.187404 37.065312
2 12 90.679688 63.467642 37.222766
2 13 90.679688 63.766609 37.866289
2 14 90.679688 65.119869 36.312988
2 15 90.679688 65.06939 36.749739
2 16 90.679688 68.600747 34.815739
2 17 91.193025 70.829166 33.14617
2 18 91.193025 68.565457 34.781413
2 19 91.193025 71.479971 31.889463
2 20 91.193025 64.59309 37.464016
2 21 91.193025 63.753108 36.439174
2 22 91.193025 60.653009 38.251872
2 23 91.193025 60.150891 37.099889
2 24 91.193025 68.916505 34.624662
2 25 91.193025 65.945421 35.268112
2 26 91.193025 69.258203 32.625144
2 27 91.193025 69.822652 33.006229
2 28 91.193025 67.565126 35.185552
2 29 91.193025 63.616878 34.878091
3 0 87.139358 4.02536 22.425673
3 1 87.165869 9.614293 29.251471
3 2 87.165869 25.187999 36.213537
3 3 87.237882 43.122354 39.733209
3 4 87.237882 55.933741 37.209341
3 5 89.163229 58.638069 37.284056
3 6 89.370571 60.154119 37.621869
3 7 89.599688 59.11464 37.923746
3 8 89.599688 65.910733 34.788509
3 9 90.679688 66.137792 36.211925
3 10 90.679688 69.121542 33.568917
3 11 90.745189 64.809214 35.587074
3 12 90.745189 66.946896 36.025615
3 13 90.745189 62.956022 36.984014
3 14 90.745189 71.378851 30.822039
3 15 90.745189 75.41748 26.823227
3 16 90.745189 71.165921 29.362887
3 17 90.853561 66.991272 32.948548
3 18 90.853561 62.383936 35.293254
3 19 90.853561 62.114228 36.538107
3 20 90.853561 66.227546 33.725277
3 21 90.853561 63.933506 34.561178
3 22 90.853561 64.92139 32.252756
3 23 90.853561 66.89467 34.353532
3 24 90.853561 76.912223 25.869591
3 25 90.853561 70.359686 31.526646
3 26 90.919688 63.921981 33.638355
3 27 90.919688 70.259347 30.805149
3 28 90.919688 68.776129 33.941772
3 29 91.070411 69.51224 30.554716
4 0 87.237882 5.912694 24.068722
4 1 90.266611 16.308776 32.063547
4 2 91.099688 27.965191 39.005163
4 3 91.099688 32.336592 39.632884
4 4 91.099688 42.008015 39.374481
4 5 91.099688 45.318031 37.519781
4 6 91.099688 58.530781 37.294491
4 7 91.182464 61.998894 35.995737
4 8 91.182464 56.211188 38.165399
4 9 91.182464 57.649716 37.177248
4 10 91.182464 49.89805 38.3015
4 11 91.182464 51.005857 38.546039
4 12 91.182464 41.968571 38.030159
4 13 91.182464 42.445554 37.077403
4 14 91.182464 42.675565 36.589795
4 15 91.182464 43.795353 35.263351
4 16 91.182464 46.202274 38.482798
4 17 91.182464 49.920608 36.924715
4 18 91.182464 54.281514 33.821531
4 19 91.49642 52.488566 37.774481
4 20 91.49642 57.187807 35.98228
4 21 91.49642 58.172572 35.955783
4 22 91.49642 60.976481 35.76496
4 23 91.49642 58.231987 36.612283
4 24 91.49642 54.062923 38.754388
4 25 91.49642 46.829729 38.922144
4 26 91.49642 58.569994 36.841848
4 27 91.49642 55.178044 36.836828
4 28 91.49642 62.406622 33.596047
4 29 91.49642 58.704887 35.211588
5 0 90.279556 5.345965 25.707068
5 1 90.279556 13.995388 33.416547
5 2 90.279556 26.932953 39.260956
5 3 90.279556 38.508729 41.903782
5 4 90.279556 54.339067 40.877834
5 5 90.279556 59.541787 39.631414
5 6 90.553561 64.346641 36.881321
5 7 90.553561 62.115497 38.070101
5 8 90.553561 63.912358 36.349553
5 9 90.553561 59.131592 39.829521
5 10 90.553561 61.733395 36.951967
5 11 90.553561 58.541584 39.775143
5 12 90.553561 56.762335 39.07034
5 13 90.553561 68.367351 33.310727
5 14 90.553561 60.861037 38.404351
5 15 90.553561 64.953519 35.526523
5 16 90.853561 58.423453 37.789499
5 17 90.853561 55.721715 38.547598
5 18 90.853561 62.27169 36.758096
5 19 90.853561 60.452503 38.466691
5 20 90.853561 65.764864 35.188412
5 21 90.853561 59.616019 38.040591
5 22 90.919361 66.701304 34.109207
5 23 90.919361 54.887226 38.068946
5 24 90.919361 51.036355 39.895669
5 25 90.919361 55.636941 39.51661
5 26 90.919688 53.25657 41.350639
5 27 90.919688 58.550007 38.426654
5 28 90.919688 59.934682 36.775639
5 29 90.919688 64.541881 33.840673
6 0 87.240907 5.632114 25.306697
6 1 87.240907 14.891235 33.779547
6 2 93.165064 23.099447 38.18144
6 3 93.165064 32.352747 39.127434
6 4 93.165064 37.188563 41.805862
6 5 93.165064 44.337728 42.463845
6 6 93.165064 45.377999 42.367898
6 7 93.165064 52.738423 41.278922
6 8 93.165064 53.897189 41.164876
6 9 93.165064 55.44897 40.005563
6 10 93.165064 65.025781 36.745464
6 11 93.165064 66.033091 35.538469
6 12 93.165064 66.16257 34.159334
6 13 93.165064 69.658929 33.83888
6 14 93.165064 71.145803 31.619575
6 15 93.165064 64.6651 36.8508
6 16 93.165064 65.822111 35.241076
6 17 93.165064 65.580044 34.153591
6 18 93.165064 59.410462 36.655117
6 19 93.165064 60.672065 36.468689
6 20 93.165064 66.794933 34.251345
6 21 93.165064 63.837128 34.624964
6 22 93.165064 67.553643 33.175186
6 23 93.165064 65.553906 35.047412
6 24 93.165064 66.525989 34.135665
6 25 93.165064 61.010883 34.934584
6 26 93.165064 67.962852 33.016536
6 27 93.165064 68.61376 33.2799
6 28 93.165064 76.420118 27.060235
6 29 93.165064 75.425882 28.656652
7 0 89.348738 9.691468 30.700529
7 1 89.350924 17.278402 36.814541
7 2 89.350924 30.588186 40.189637
7 3 89.653561 34.694137 39.271101
7 4 90.739688 47.621238 41.336771
7 5 90.739688 49.094044 40.204682
7 6 90.739688 51.045064 37.948287
7 7 90.739688 48.249114 38.662684
7 8 90.919688 50.035934 37.307369
7 9 90.919688 58.542075 36.14705
7 10 91.116678 50.815456 36.939823
7 11 91.116678 51.090486 37.740903
7 12 91.116678 60.361288 35.604188
7 13 91.116678 52.133476 38.361609
7 14 91.116678 61.835487 36.017085
7 15 91.116678 61.211072 36.985371
7 16 93.556695 62.772032 36.696159
7 17 93.556695 64.836614 35.951191
7 18 93.556695 69.14626 32.995089
7 19 93.556695 67.202914 33.396955
7 20 93.556695 55.9556 38.857673
7 21 93.556695 64.778154 36.442758
7 22 93.556695 63.266988 37.033143
7 23 93.556695 56.067343 38.669678
7 24 93.556695 57.841479 37.145285
7 25 93.556695 61.332779 35.116863
7 26 93.556695 63.556202 35.707424
7 27 93.556695 58.543661 39.027185
7 28 93.556695 64.261483 37.330052
7 29 93.556695 67.894874 34.418119
8 0 90.238422 9.864601 30.219097
8 1 90.238422 19.611501 37.172824
8 2 90.238422 27.233292 40.799568
8 3 90.238422 30.934475 41.231098
8 4 90.238422 48.060158 43.471909
8 5 90.238422 50.100828 42.183378
8 6 90.238422 62.163905 39.525869
8 7 90.238422 63.749933 37.126592
8 8 90.808118 53.664199 41.331227
8 9 90.808118 65.41504 37.061035
8 10 90.808118 63.5433 37.203573
8 11 90.808118 64.031382 35.772901
8 12 90.808118 60.837329 37.597197
8 13 93.556695 63.168054 36.512451
8 14 93.556695 62.124455 37.32098
8 15 93.556695 56.38756 39.174336
8 16 93.556695 63.894608 35.849879
8 17 93.556695 65.759498 34.186611
8 18 93.556695 64.245242 35.288061
8 19 93.556695 64.718634 34.841582
8 20 93.556695 70.711826 32.288051
8 21 93.556695 66.925609 33.524937
8 22 93.556695 71.051332 30.140667
8 23 93.556695 61.630506 36.892214
8 24 93.556695 67.861171 32.366036
8 25 93.556695 62.960635 36.600317
8 26 93.556695 60.925282 35.789839
8 27 93.556695 57.898192 36.93131
8 28 93.556695 51.783914 39.016111
8 29 93.556695 54.013554 38.059751
9 0 87.237882 5.880302 25.546454
9 1 90.193561 15.837013 35.422877
9 2 90.193561 29.439421 40.572557
9 3 90.193561 39.799567 42.146723
9 4 90.193561 46.491593 40.834494
9 5 90.533025 55.975465 38.649329
9 6 90.533025 60.381385 39.096662
9 7 90.533025 58.807239 38.22264
9 8 90.773025 64.232251 35.61959
9 9 90.773025 64.284892 35.712046
9 10 90.773025 60.559348 37.740029
9 11 90.773025 69.419804 33.149632
9 12 90.77642 67.076309 34.782457
9 13 90.77642 63.879685 35.394502
9 14 90.77642 61.593569 35.395052
9 15 90.77642 66.057825 34.116875
9 16 90.77642 65.972258 35.077461
9 17 90.77642 68.520504 32.124478
9 18 90.77642 70.860643 30.248156
9 19 90.77642 69.701419 31.646748
9 20 90.77642 63.97901 34.710915
9 21 90.77642 65.56005 33.375069
9 22 90.77642 66.651364 33.269544
9 23 90.77642 64.969114 33.198807
9 24 90.853561 71.155324 30.750404
9 25 90.853561 64.583261 35.007461
9 26 90.853561 70.119052 31.759368
9 27 90.853561 71.125055 30.80759
9 28 90.853561 73.712438 29.316682
9 29 90.853561 84.233034 15.096026
0 0 90.590607 4.57483 22.694395
0 1 90.590607 14.927314 34.153607
0 2 90.590607 23.655523 37.599011
0 3 90.590607 31.994178 38.051983
0 4 90.590607 43.552588 40.633575
0 5 90.590607 45.291683 39.868975