1.231093970640385893e-02
-1.656461943377046386e-01
-1.467317503383144817e-01
1.000000000000000000e+00
-1.077605677780681809e-01
-3.383882673158585819e-01
-2.577395284928975516e-01
2.017179298046466451e-01
-3.410934205433028832e-01
-2.542087659846380965e-01
-9.897649399119261282e-02
4.560292004329795368e-02
-6.319886914308697756e-02
5.097330362942537746e-02
5.049215568869838133e-01
5.175314685306603435e-01
-6.161451651199052471e-01
-4.644514854350679789e-01
-1.297042527692775227e-01
8.781873914957324945e-02
-1.631880650121074472e-01
-7.496494472636529294e-02
-3.216859355862899950e-01
1.275466526257409972e-01
7.697381495937519191e-02
-1.421900671359285773e-01
-1.157601567970213685e-01
1.805606885349169133e-01
-2.982954943439433682e-02
1.203517359187444846e-03
2.652632319872653133e-01
2.029679285121936683e-01
1.229802168614156227e-01
1.343114587649721914e-01
-7.558614269325203416e-01
1.000000000000000000e+00
7.813241919875389685e-02
-6.390644997731961818e-02
-6.215471730189175981e-01
8.958364702339274843e-02
-5.897606090097289727e-02
3.135652691440482531e-01
8.832160986870885022e-02
-1.031044701293908072e-01
1.115730834405477129e-01
-1.483212230289918110e-01
3.983067761002824225e-01
2.269062666697667374e-01
3.932404560763709256e-01
2.447956079475881452e-01
-3.985064940395804389e-01
2.240961560741587533e-02
-1.899436511115006887e-01
2.600352696851117029e-01
4.662335772524732191e-01
-1.074553979120888014e-01
1.012330008795148117e-02
-1.738839647858643755e-01
5.552716244265198248e-02
1.019015930826483451e-02
-1.000000000000000000e+00
-2.134055594559374769e-01
9.921222872977314422e-02
-2.798035486854130727e-02
-1.744904099546424475e-02
1.761656901253936258e-01
-1.191743052398086949e-01
-2.895959920183979741e-01
-3.402163658846211192e-01
-9.540167927821788796e-01
1.084541168831265334e-01
-5.047552038584358636e-01
1.313305892555592658e-02
-2.704993146153831240e-01
1.000000000000000000e+00
7.355433893204310625e-02
3.841166251696360723e-01
6.320722715434412553e-02
2.850741282542286759e-01
-2.213887810303955539e-01
-4.837597137719126805e-01
-6.423710060825411905e-02
1.305921281566642389e-01
-3.905878179666874006e-01
8.498833299436917010e-02
-4.142439925433523129e-01
-1.386639197817036984e-01
-3.032792869407262559e-01
-7.516373800657114024e-02
7.848070026160031132e-02
3.031681932412348679e-02
-2.786996156071587238e-01
3.164356534977234015e-01
-1.207888402382381043e-01
-1.000000000000000000e+00
7.810319294242229482e-01
7.140234969821229738e-01
2.984286544956369497e-02
1.180021792039192691e-01
-2.157483113995412316e-01
-4.734052499840333272e-01
1.113962653394694746e-01
-4.501954607144477705e-01
-4.580618545139235054e-01
3.651541538341097903e-02
-1.000000000000000000e+00
1.263210259527757506e-01
2.717905123546178747e-01
-5.111871007962953684e-01
1.058925282424872383e-01
1.099035547110527589e-01
-1.349007042445520693e-02
-6.669216714092562892e-02
3.698975367451622365e-01
1.000000000000000000e+00
2.452651846786526313e-01
5.262988321477812814e-03
5.371088979054041701e-01
-1.000000000000000000e+00
3.424710602698997075e-01
2.455773076199071758e-01
-4.739506093771993223e-02
1.356951455450094435e-01
-1.012279148871730039e-01
-1.266677172071019597e-01
1.267287691969646579e-01
-2.902242832682523643e-02
-2.691702656854666476e-02
2.279917352585380530e-01
-1.995523018608770238e-01
-1.580112118142202315e-01
5.943929536607358427e-02
1.536408778509475714e-01
1.000000000000000000e+00
-1.407736307962302313e-01
8.393311251070583179e-01
-1.444341095405657360e-01
-9.895922231440416883e-02
1.401057868795727301e-01
8.608698616985352436e-02
-4.734322469444546266e-02
1.713336738657807445e-01
1.665054305936841117e-01
-1.000000000000000000e+00
1.877896024822563181e-02
-2.824248838453920496e-01
6.374223196463286722e-01
-2.135735397787867362e-01
6.627872092196660514e-01
-3.058704545949585407e-01
1.379061681365023051e-01
-1.110327789438436269e-01
9.376933692841142864e-01
1.647523917978758190e-01
1.073005433633420214e-01
1.875859257256565493e-01
-2.346110161258508353e-01
-2.616871683289132694e-02
-3.939635326300706120e-01
8.061929532107428020e-01
5.814765259962841742e-02
-7.783852400852155906e-01
3.446569950580817276e-01
5.921982842591662355e-02
4.145498917765733093e-02
2.672228826676622537e-01
4.717851243403401590e-02
1.338142294921838282e-01
-1.584928090507856657e-01
-5.793559852210167227e-01
-1.907320660031693316e-01
-3.982296968010200500e-01
-2.120528254473032920e-02
-6.589713176762383995e-01
2.581279087310658360e-01
1.335322727708644630e-01
-6.828608067224664624e-02
1.801116467549592759e-01
-4.570969881585817962e-02
-1.480915927471169180e-01
-1.304826978525099046e-01
-7.902391764709194577e-01
1.498280814438794073e-01
7.481177785712059269e-02
-4.788357054805538748e-01
1.453606267435179900e-01
6.577762560627056776e-02
2.682505672369351890e-01
1.741341303528795292e-01
1.710937596563029128e-01
-2.488328924105306927e-01
7.558221182634272672e-03
-2.564168896988299196e-01
7.118932725961171770e-02
4.367362021255575266e-01
-9.972963668835446716e-02
-2.995393243346450296e-01
-1.000000000000000000e+00
1.073170459783467923e-01
3.026695273706446199e-01
-3.764277843531660950e-01
8.645919575768229448e-02
-1.213362381327708628e-01
-1.792204561438288657e-01
-2.474793072775427205e-01
3.465542013892868312e-01
-3.214072577111298235e-01
-5.271782109604082611e-02
5.596359456891522033e-01
2.022077869417231444e-01
-5.268801506301852289e-01
-9.022348415946926936e-01
5.155067495816924028e-01
3.424929302324397629e-01
-1.815698278217270367e-02
1.000000000000000000e+00
-9.053297933150675214e-02
3.884326673354646098e-01
-1.275634315662032836e-01
1.832330819325311000e-01
-2.430363317245596289e-01
-1.501331591857906211e-01
1.967698718865690255e-01
3.680816315448314224e-01
-7.206843142764071120e-01
1.676451391498438026e-01
-2.630673929738456263e-01
2.485054530123857464e-01
-7.536403406958214202e-02
2.847049342237739644e-01
-8.457537389834902664e-01
-2.872433097405234781e-01
-2.760739046374692252e-01
1.759004718006769996e-01
-2.824487309152040049e-01
2.541391042049766513e-01
-2.485182272294467198e-01
3.461320579475043457e-01
2.423674627086471745e-01
-2.158743733453266644e-01
1.802286837289777677e-01
6.241560996502207997e-02
-1.206501075083610403e-01
-3.957320660539814794e-02
-5.276208076745709796e-01
-1.331919594033711129e-01
-1.000000000000000000e+00
6.324097549513669758e-01
2.348475062127277357e-01
1.000000000000000000e+00
1.249845763148780403e-02
3.022703654397019823e-01
-6.323842589084575916e-02
3.918867652857794814e-01
-2.314581798990638928e-01
-1.026553297319170721e-01
2.145931161114963959e-01
1.164606478503983078e-01
3.471461529507979260e-01
-2.595256267772566572e-02
-1.500095565218272087e-01
-8.942983534421838909e-01
3.987784535997539459e-01
1.788121170252920944e-02
8.379800147714845659e-02
