
0 0 89.672828 14.483414 30.865407
0 1 89.672828 20.544262 33.900726
0 2 89.672828 30.561749 35.426706
0 3 89.672828 34.961572 35.047544
0 4 89.672828 43.841249 32.44826
0 5 89.672828 45.214993 33.200038
0 6 89.672828 47.469321 32.55623
0 7 89.672828 56.672441 28.453836
0 8 89.672828 51.906531 31.321849
0 9 89.672828 54.395528 28.834195
0 10 89.672828 55.616654 27.570256
0 11 91.466695 52.33197 29.906756
0 12 91.466695 51.434939 30.690746
0 13 91.466695 47.207419 34.839819
0 14 91.466695 51.639852 31.414619
0 15 91.466695 55.148494 30.724333
0 16 91.466695 53.470746 29.90235
0 17 91.466695 49.273303 33.273294
0 18 91.466695 51.242033 32.737853
0 19 91.466695 56.892535 30.440785
0 20 91.466695 55.799081 30.74295
0 21 91.466695 52.707598 32.789585
0 22 91.466695 52.664883 33.890196
0 23 91.466695 55.041495 30.990428
0 24 91.466695 54.033668 32.165273
0 25 91.466695 55.759037 30.833592
0 26 91.466695 52.538913 32.984474
0 27 92.066695 55.259871 32.662147
0 28 92.066695 53.315002 33.030402
0 29 92.066695 59.656697 29.436618
1 0 87.091679 11.925595 27.612057
1 1 94.089365 19.367326 33.373667
1 2 94.089365 25.819495 35.311877
1 3 94.089365 33.72217 36.45278
1 4 94.180019 40.188948 34.965238
1 5 94.180019 48.361313 33.309439
1 6 94.180019 46.309072 33.754714
1 7 94.180019 54.174472 31.501753
1 8 94.180019 44.898531 35.196797
1 9 94.180019 52.683761 32.390427
1 10 94.180019 58.101079 28.041602
1 11 94.180019 58.182478 28.722854
1 12 94.180019 59.842139 28.21768
1 13 94.180019 54.027789 30.953646
1 14 94.180019 56.885113 31.326236
1 15 94.180019 59.703754 27.609456
1 16 94.180019 61.060753 28.162124
1 17 94.180019 61.303938 27.321616
1 18 94.180019 61.315084 29.484353
1 19 94.180019 64.057587 25.147005
1 20 94.180019 61.179859 28.061906
1 21 94.180019 62.806403 26.617802
1 22 94.180019 58.437723 30.474159
1 23 94.180019 59.82216 30.982077
1 24 94.180019 58.205393 30.184947
1 25 94.180019 61.233383 27.161414
1 26 94.180019 60.328309 27.311139
1 27 94.180019 59.594629 28.586952
1 28 94.180019 58.694134 28.713901
1 29 94.180019 57.133856 32.503118
2 0 88.776796 9.859129 26.500161
2 1 89.837405 20.062014 33.796836
2 2 89.837405 22.829212 35.006643
2 3 92.818336 38.897818 36.588945
2 4 92.818336 48.087361 34.913564
2 5 92.818336 42.492061 37.375595
2 6 92.818336 51.710534 32.957059
2 7 92.818336 50.33149 34.581564
2 8 92.818336 56.782542 29.966953
2 9 92.818336 60.892355 27.175065
2 10 92.818336 61.854401 26.971697
2 11 92.818336 61.984815 27.329499
2 12 92.818336 58.531077 30.784005
2 13 92.818336 66.178846 22.102435
2 14 92.818336 63.874059 24.985793
2 15 92.818336 63.625981 24.271978
2 16 92.818336 61.005339 26.795619
2 17 92.818336 63.347279 26.587955
2 18 92.818336 63.440788 27.863975
2 19 92.818336 61.491555 27.316026
2 20 92.818336 59.733834 29.2292
2 21 94.089365 54.297291 33.321866
2 22 94.089365 60.415616 29.24915
2 23 94.089365 57.121225 32.266681
2 24 94.089365 58.23413 30.088838
2 25 94.089365 57.980653 30.510216
2 26 94.089365 62.188476 29.152571
2 27 94.089365 55.290581 31.149342
2 28 94.089365 58.750134 30.064987
2 29 94.089365 61.845044 25.576434
3 0 86.672892 8.382725 24.998249
3 1 88.886695 18.553026 33.737339
3 2 89.186695 27.926417 35.810263
3 3 89.186695 40.181728 36.162607
3 4 89.186695 44.094278 35.863274
3 5 94.089365 43.656733 37.019061
3 6 94.089365 50.925916 33.934043
3 7 94.089365 48.742826 34.234835
3 8 94.089365 51.280975 33.061935
3 9 94.089365 49.350215 34.186779
3 10 94.089365 43.955836 36.460459
3 11 94.089365 50.495864 34.192074
3 12 94.089365 52.415777 34.831993
3 13 94.089365 55.647803 33.336156
3 14 94.089365 53.677927 32.086668
3 15 94.089365 59.487011 28.926516
3 16 94.089365 61.821685 26.782707
3 17 94.089365 64.244413 25.280101
3 18 94.089365 59.131244 29.873047
3 19 94.089365 60.111174 28.595583
3 20 94.089365 52.03807 34.907412
3 21 94.089365 60.021538 31.041879
3 22 94.089365 57.284978 31.208882
3 23 94.089365 58.042573 32.024423
3 24 94.089365 60.583871 29.185672
3 25 94.089365 55.427067 32.867983
3 26 94.089365 57.815934 32.321277
3 27 94.089365 65.992919 23.305036
3 28 94.089365 59.900298 30.663581
3 29 94.089365 60.769836 30.208063
4 0 75.279688 3.722374 20.941801
4 1 86.192892 9.435207 26.715127
4 2 86.192892 19.742896 33.699297
4 3 86.372892 36.618056 36.435161
4 4 88.569362 45.644633 35.180623
4 5 88.569362 40.483414 36.855071
4 6 88.569362 44.135601 35.754268
4 7 88.569362 43.74712 35.758588
4 8 88.569362 53.084459 32.84203
4 9 88.569362 51.963815 33.88328
4 10 88.569362 56.582988 30.70244
4 11 88.569362 54.723775 33.124214
4 12 88.816695 55.745793 33.316522
4 13 88.816695 52.986808 34.051401
4 14 91.163414 57.745172 31.468445
4 15 91.163414 57.909545 32.145623
4 16 91.163414 55.153129 33.224734
4 17 91.163414 58.141976 31.627855
4 18 91.163414 61.910616 27.851657
4 19 91.163414 56.576619 32.527607
4 20 91.163414 58.744939 30.543357
4 21 91.163414 63.752662 26.356271
4 22 91.163414 65.203873 25.061223
4 23 91.163414 64.157352 26.436397
4 24 91.163414 59.061902 29.813441
4 25 91.163414 69.670232 24.042484
4 26 91.163414 64.414785 27.877954
4 27 91.163414 63.91863 27.932333
4 28 91.163414 61.537122 29.503599
4 29 91.163414 61.61302 28.391754
5 0 87.994809 8.201549 26.147301
5 1 87.994809 19.911485 33.006641
5 2 88.304679 24.646849 35.330898
5 3 89.483414 34.749764 36.063348
5 4 89.483414 41.497927 34.287053
5 5 89.483414 54.632358 27.784359
5 6 89.483414 51.909539 30.620248
5 7 89.483414 57.092144 26.091651
5 8 89.483414 53.692082 28.813837
5 9 89.483414 54.611435 29.036302
5 10 89.483414 55.96443 27.921752
5 11 89.483414 55.708699 29.03377
5 12 89.483414 55.913438 28.082114
5 13 89.483414 57.804459 26.89823
5 14 89.483414 55.318785 29.175869
5 15 89.483414 58.052046 24.237774
5 16 89.483414 57.847908 27.369411
5 17 89.483414 50.497344 32.345476
5 18 89.483414 51.23748 31.654656
5 19 89.483414 54.699405 31.566768
5 20 89.483414 53.715138 30.807091
5 21 89.492892 53.485667 33.30652
5 22 89.492892 54.380948 31.838763
5 23 89.492892 57.207448 30.469125
5 24 89.492892 55.622528 33.627317
5 25 89.492892 55.466962 33.984577
5 26 89.492892 59.182203 30.027427
5 27 90.551732 60.263519 29.812316
5 28 90.551732 54.771212 31.805758
5 29 90.551732 62.46162 26.173457
6 0 86.79289 10.439974 28.345993
6 1 86.79289 19.280804 31.995569
6 2 88.438742 32.902032 35.269609
6 3 88.438742 40.341339 34.132045
6 4 88.438742 48.068211 31.230788
6 5 88.89289 50.172741 30.895269
6 6 88.89289 49.357488 31.789937
6 7 88.956796 51.732005 32.683595
6 8 88.956796 46.751255 34.222285
6 9 89.296695 52.425129 32.466678
6 10 89.296695 54.245218 32.40778
6 11 89.296695 55.411145 29.114077
6 12 89.296695 52.708214 31.654458
6 13 89.296695 51.329083 34.005166
6 14 89.296695 53.061084 33.736978
6 15 89.296695 49.755344 34.244618
6 16 89.296695 56.309234 29.251767
6 17 89.296695 51.529571 31.387875
6 18 89.296695 54.85319 30.158489
6 19 89.296695 62.003181 24.984614
6 20 89.296695 58.100674 27.964293
6 21 89.296695 55.354642 30.935351
6 22 89.296695 54.683841 31.342905
6 23 89.296695 52.519889 31.416915
6 24 89.296695 54.919399 31.793111
6 25 89.296695 49.846828 34.932895
6 26 89.296695 54.833704 31.788452
6 27 89.296695 49.471791 34.153224
6 28 89.296695 56.893346 29.250327
6 29 89.46188 56.857389 30.887157
7 0 85.232892 5.755166 24.306169
7 1 85.232892 20.03166 32.396397
7 2 87.572892 25.177066 35.45007
7 3 90.48216 40.055488 34.630056
7 4 90.48216 53.767107 29.288335
7 5 90.48216 54.298263 29.818432
7 6 90.48216 50.515822 32.414204
7 7 90.48216 58.717126 26.720586
7 8 90.48216 58.873136 27.317493
7 9 90.48216 59.971534 26.04628
7 10 90.48216 59.752187 25.980147
7 11 90.48216 59.274353 28.788856
7 12 90.48216 56.749725 31.726016
7 13 90.48216 60.136663 28.964895
7 14 90.48216 66.677024 22.848499
7 15 90.48216 63.316786 25.381227
7 16 90.48216 58.034168 28.84098
7 17 90.48216 56.796192 31.057839
7 18 90.48216 57.068952 29.375943
7 19 90.48216 59.192216 28.499311
7 20 90.48216 60.0052 28.098551
7 21 90.48216 56.234356 29.483993
7 22 90.48216 58.446503 27.52756
7 23 90.48216 57.742964 29.070759
7 24 90.48216 58.207555 29.753679
7 25 90.48216 60.867981 25.748921
7 26 90.48216 62.534882 25.683499
7 27 90.48216 61.730862 26.926598
7 28 90.48216 60.435109 27.363014
7 29 90.48216 62.146624 26.262743
8 0 66.691732 6.808957 24.338414
8 1 87.625448 23.319556 32.035677
8 2 87.625448 32.532182 33.625915
8 3 87.625448 44.400731 31.837123
8 4 87.625448 50.090048 30.852209
8 5 92.278336 52.364875 30.857345
8 6 92.278336 50.205642 33.17687
8 7 92.278336 50.833342 32.190974
8 8 92.278336 55.402129 30.145213
8 9 92.278336 57.678045 29.887819
8 10 92.278336 60.447198 28.15188
8 11 92.278336 59.121487 28.331838
8 12 92.278336 55.803711 30.169078
8 13 92.278336 56.901473 29.110446
8 14 92.278336 63.134111 24.810239
8 15 92.278336 64.04828 24.322413
8 16 92.278336 63.45678 25.895798
8 17 92.278336 58.070469 28.929559
8 18 92.278336 57.856121 28.588115
8 19 92.278336 55.904632 31.137488
8 20 92.278336 58.633758 29.326577
8 21 92.278336 60.203975 27.823389
8 22 92.278336 60.023473 27.497994
8 23 92.278336 62.227047 27.753155
8 24 92.278336 61.762032 27.838865
8 25 92.278336 59.092666 28.712696
8 26 92.278336 59.485478 28.736846
8 27 92.278336 60.395852 27.579539
8 28 93.969365 59.147328 30.929852
8 29 93.969365 61.07916 25.132051
9 0 87.032828 12.027961 30.075854
9 1 87.032828 19.902956 33.262847
9 2 91.029362 35.162187 36.501644
9 3 91.029362 49.050322 32.765305
9 4 91.029362 47.702324 33.252435
9 5 91.029362 49.822219 32.956229
9 6 91.029362 52.125613 31.264634
9 7 91.029362 55.888184 29.213201
9 8 91.029362 52.017336 29.924981
9 9 91.029362 57.788426 27.871846
9 10 91.029362 55.555918 29.336447
9 11 91.029362 50.854805 31.994373
9 12 91.029362 54.878956 31.143999
9 13 91.029362 55.594212 28.763354
9 14 91.029362 58.566607 26.658295
9 15 91.029362 53.598707 31.013269
9 16 91.029362 59.558514 27.134287
9 17 91.029362 53.236376 33.670314
9 18 91.029362 59.728506 28.256304
9 19 91.029362 60.920847 26.75837
9 20 91.029362 60.327917 26.854319
9 21 91.029362 61.828991 27.770263
9 22 91.029362 56.969693 29.665627
9 23 91.029362 55.853057 30.913422
9 24 91.029362 57.483675 30.282629
9 25 91.029362 59.41423 29.025444
9 26 91.029362 56.338233 32.488094
9 27 91.029362 57.356583 28.577484
9 28 91.029362 58.149019 31.289485
9 29 91.029362 53.612666 33.105702