
0 0 89.34704 7.600248 28.460713
0 1 89.558539 16.067218 36.448449
0 2 89.558539 26.191322 41.468704
0 3 89.558539 29.59981 40.052191
0 4 89.558539 44.388141 42.953231
0 5 90.415744 37.888772 39.627279
0 6 91.525289 43.350721 38.550178
0 7 91.525289 37.556881 42.081043
0 8 91.525289 37.762021 41.392206
0 9 91.525289 32.660685 39.360866
0 10 91.552379 37.630538 39.142203
0 11 91.552379 42.25802 39.525872
0 12 91.552379 32.364201 40.9666
0 13 91.552379 37.591512 40.12249
0 14 91.552379 40.32162 41.100499
0 15 91.552379 38.119939 42.714293
0 16 91.552379 38.913693 41.361214
0 17 91.552379 39.698434 40.549865
0 18 91.552379 44.168519 42.817784
0 19 91.552379 48.509059 40.048139
0 20 91.552379 50.416414 40.723398
0 21 93.092828 51.30673 37.838489
0 22 93.092828 44.260525 40.484777
0 23 93.092828 43.517352 40.257427
0 24 93.092828 50.338405 41.247471
0 25 93.092828 46.192849 40.280613
0 26 93.092828 36.719988 39.652418
0 27 93.092828 42.672 38.683435
0 28 93.092828 41.125424 41.133365
0 29 93.092828 48.386746 39.779329
1 0 87.139358 7.455001 28.724861
1 1 89.350924 17.857704 35.999052
1 2 89.719361 23.020109 36.985961
1 3 89.846611 38.642375 41.916494
1 4 90.113074 48.072103 41.772356
1 5 90.113074 51.85931 41.797103
1 6 90.113074 57.040506 39.885478
1 7 90.113074 49.904004 42.575173
1 8 90.480907 54.342727 41.21979
1 9 90.480907 52.387374 41.72454
1 10 90.480907 54.663648 39.721999
1 11 90.480907 65.890474 35.116108
1 12 90.480907 57.252082 38.757651
1 13 90.480907 65.832557 36.176211
1 14 90.480907 55.796125 41.411405
1 15 90.480907 50.071278 42.093199
1 16 90.480907 49.539637 42.084896
1 17 90.480907 53.968463 40.815169
1 18 90.480907 50.926721 41.538531
1 19 90.480907 54.51293 38.478746
1 20 90.480907 49.015103 42.359039
1 21 90.480907 58.631987 39.51399
1 22 90.480907 55.169185 39.970196
1 23 90.480907 53.295261 41.634911
1 24 90.480907 58.760764 38.273329
1 25 90.480907 54.063404 39.183776
1 26 90.480907 52.557846 41.398078
1 27 90.542832 55.766723 40.356953
1 28 90.542832 56.124679 39.428735
1 29 90.542832 50.781463 41.106428
2 0 91.070607 8.077408 29.531485
2 1 91.070607 16.130761 35.955556
2 2 91.070607 20.490685 37.664257
2 3 91.070607 23.36593 37.684904
2 4 91.070607 35.838442 39.795959
2 5 91.070607 34.771866 39.498987
2 6 91.070607 28.666131 37.401438
2 7 91.070607 27.932184 36.52424
2 8 91.070607 33.245545 38.677906
2 9 91.070607 35.409654 39.270481
2 10 91.070607 43.989719 38.654454
2 11 91.070607 34.672246 39.830497
2 12 91.070607 30.31884 39.020136
2 13 91.070607 38.659132 39.857298
2 14 91.070607 40.406365 40.468565
2 15 91.070607 38.500768 40.617789
2 16 91.070607 44.039585 40.091226
2 17 91.070607 38.533647 40.042708
2 18 91.070607 38.966725 37.631176
2 19 91.070607 46.944923 38.329778
2 20 91.070607 42.542766 39.299063
2 21 91.070607 51.041732 38.501782
2 22 91.070607 50.265886 38.326562
2 23 91.070607 53.223085 39.347345
2 24 91.070607 46.028506 39.971718
2 25 91.070607 47.764052 38.742262
2 26 91.070607 49.425394 37.558978
2 27 91.070607 42.672479 38.400153
2 28 91.070607 49.435543 38.625896
2 29 91.070607 47.972227 37.454762
3 0 90.79004 3.614141 23.204638
3 1 90.79004 16.47269 35.92432
3 2 90.79004 32.628594 40.65289
3 3 90.79004 48.434872 40.987554
3 4 90.79004 54.297889 38.419182
3 5 90.79004 60.617148 36.819268
3 6 90.79004 62.486763 35.545548
3 7 90.79004 77.447581 23.509315
3 8 90.79004 71.505106 31.303083
3 9 90.79004 68.256803 33.245646
3 10 90.79004 74.553238 28.647689
3 11 90.79004 68.411431 34.102865
3 12 90.79004 73.557782 30.056922
3 13 90.79004 72.558679 30.679852
3 14 90.79004 72.00005 31.030025
3 15 90.79004 67.207381 33.012257
3 16 90.79004 69.898693 33.120791
3 17 90.79004 72.510856 31.176154
3 18 90.79004 74.496502 30.667281
3 19 90.79004 78.021446 27.085888
3 20 90.79004 81.222639 22.643279
3 21 90.79004 76.687787 28.06625
3 22 90.79004 77.673422 27.277173
3 23 90.79004 76.173074 28.984307
3 24 90.79004 74.741981 30.180785
3 25 90.79004 69.514116 32.526685
3 26 90.79004 71.209034 30.387643
3 27 90.859688 73.046752 30.634801
3 28 90.859688 73.60637 29.214069
3 29 90.859688 76.00189 26.366172
4 0 90.139688 5.076502 25.763128
4 1 90.139688 18.558517 37.567047
4 2 90.139688 22.486781 39.529764
4 3 90.139688 30.253112 40.804186
4 4 90.139688 42.307889 41.353793
4 5 90.139688 49.028032 40.250273
4 6 90.493561 47.062225 40.349253
4 7 90.493561 53.269944 38.810556
4 8 90.493561 53.900574 37.873387
4 9 90.493561 63.558043 36.045876
4 10 90.493561 66.52711 35.922014
4 11 90.493561 69.844388 34.085123
4 12 90.733561 64.726795 35.68881
4 13 90.781106 61.29508 35.73073
4 14 90.781106 65.308101 35.533624
4 15 90.781106 65.457808 34.418582
4 16 90.781106 60.341714 37.237339
4 17 90.781106 60.967137 37.586258
4 18 90.781106 65.963882 35.096135
4 19 90.781106 67.927188 33.435409
4 20 90.919688 66.677458 35.13815
4 21 90.919688 62.947492 36.510872
4 22 90.919688 58.615384 39.599216
4 23 90.919688 52.732485 41.772381
4 24 90.919688 58.371193 38.243518
4 25 90.919688 64.191567 35.587971
4 26 90.919688 72.12247 30.072821
4 27 90.919688 71.59206 31.384557
4 28 90.919688 71.921795 31.892631
4 29 90.919688 75.056332 27.569523
5 0 90.745289 4.513237 26.019462
5 1 90.745289 15.19366 34.010075
5 2 90.745289 34.579539 42.200883
5 3 90.745289 45.572139 42.498453
5 4 90.745289 65.756968 35.385835
5 5 90.745289 67.483937 36.401123
5 6 90.745289 51.710313 42.742039
5 7 90.745289 64.632443 36.87067
5 8 90.745289 65.748165 37.896629
5 9 90.83642 68.325617 34.67368
5 10 90.83642 65.365498 35.82192
5 11 90.83642 65.138762 36.790488
5 12 90.83642 64.619725 35.780462
5 13 90.83642 73.421557 29.71227
5 14 90.83642 67.836066 34.440892
5 15 90.83642 67.294598 34.532152
5 16 90.83642 62.324613 36.626294
5 17 90.919688 57.824938 38.830185
5 18 90.919688 59.15174 38.361586
5 19 90.919688 60.786704 36.860182
5 20 90.919688 60.784198 36.451653
5 21 90.919688 62.059106 35.752802
5 22 90.919688 64.466413 36.013587
5 23 90.919688 64.152068 35.446437
5 24 90.919688 64.878167 36.640752
5 25 90.919688 74.642432 28.746203
5 26 90.919688 73.450545 30.081763
5 27 90.919688 65.977579 36.351921
5 28 90.919688 64.92259 33.473561
5 29 90.919688 68.840163 32.725908
6 0 90.925289 6.146469 26.057434
6 1 90.925289 14.957453 31.855348
6 2 90.925289 29.68948 38.823024
6 3 90.925289 29.538895 36.555538
6 4 90.925289 36.566557 40.11634
6 5 90.925289 38.475517 39.005525
6 6 91.149203 42.878354 42.350266
6 7 91.149203 42.171 39.413246
6 8 91.149203 42.972506 38.247124
6 9 91.149203 46.158847 40.48542
6 10 91.149203 43.369109 41.244676
6 11 91.149203 42.732292 42.265405
6 12 91.149203 47.975741 40.868293
6 13 91.149203 36.167442 40.771017
6 14 91.149203 36.241762 40.287893
6 15 91.149203 37.432857 40.071496
6 16 91.149203 43.382969 41.647475
6 17 91.149203 39.070498 41.560749
6 18 91.149203 44.21321 38.922794
6 19 93.032828 46.478681 38.2364
6 20 93.032828 42.989626 42.438629
6 21 93.032828 38.900244 40.789014
6 22 93.032828 36.777978 40.04551
6 23 93.032828 31.263528 37.068845
6 24 93.032828 38.765803 37.377959
6 25 93.032828 34.470381 38.715852
6 26 93.032828 33.67639 39.051965
6 27 93.032828 31.974966 38.458703
6 28 93.032828 37.251299 37.900529
6 29 93.032828 34.929366 38.078688
7 0 89.370571 6.314414 25.733505
7 1 89.370571 14.484378 32.655702
7 2 89.370571 23.993237 38.288612
7 3 89.370571 33.040797 39.966745
7 4 89.370571 30.261474 40.215176
7 5 89.370571 36.911237 38.989884
7 6 89.378539 45.182841 40.101444
7 7 89.378539 35.326287 39.765515
7 8 90.9099 41.723789 40.975559
7 9 90.9099 30.400352 35.724772
7 10 90.9099 38.67131 38.863391
7 11 90.919688 45.961444 37.628938
7 12 90.919688 31.014628 36.923098
7 13 90.919688 36.608633 37.985396
7 14 90.919688 36.888431 38.16414
7 15 90.919688 40.928685 39.694199
7 16 91.579688 39.166908 38.042417
7 17 91.579688 44.169528 40.884025
7 18 91.579688 49.220431 39.385714
7 19 91.579688 48.387981 40.144037
7 20 91.579688 49.771036 39.739392
7 21 91.579688 52.187136 39.209506
7 22 91.579688 44.946523 40.97288
7 23 91.579688 51.112439 40.313608
7 24 91.579688 55.324453 38.11036
7 25 91.579688 50.914476 39.11739
7 26 91.579688 47.278797 36.697509
7 27 91.579688 48.346178 37.087998
7 28 91.579688 52.662372 37.218677
7 29 91.579688 55.062958 37.253644
8 0 87.156954 9.897321 28.661759
8 1 87.156954 24.534606 37.614569
8 2 89.846611 44.319883 43.036888
8 3 89.846611 54.346519 41.962883
8 4 89.846611 56.551082 39.526737
8 5 89.846611 47.253551 41.849177
8 6 89.846611 41.769068 42.213343
8 7 89.846611 43.316596 43.233048
8 8 89.846611 38.139662 43.516876
8 9 89.846611 36.310015 40.642363
8 10 90.073561 45.421176 42.059315
8 11 90.593025 45.820381 41.87753
8 12 90.593025 39.808091 41.407938
8 13 90.593025 51.226477 40.744201
8 14 90.919688 43.457282 41.37007
8 15 90.919688 46.239453 40.329145
8 16 90.919688 38.237747 42.278298
8 17 90.919688 49.36463 40.036914
8 18 90.919688 46.333912 41.784759
8 19 90.919688 45.012279 42.099387
8 20 90.919688 45.882065 41.879059
8 21 90.919688 42.20233 41.842876
8 22 90.919688 42.594852 39.964612
8 23 90.919688 48.600943 41.523713
8 24 90.919688 43.018565 42.464303
8 25 90.919688 53.913073 39.303848
8 26 90.919688 52.378588 39.14911
8 27 90.919688 52.828755 41.505193
8 28 90.919688 47.766418 39.389366
8 29 90.919688 48.904163 39.281247
9 0 87.139358 2.72338 19.077333
9 1 89.171062 9.906848 26.148058
9 2 90.412977 15.769218 33.697523
9 3 90.412977 20.608197 36.022957
9 4 90.412977 28.469353 39.608142
9 5 90.412977 29.366299 41.289796
9 6 90.412977 37.588479 42.797955
9 7 90.412977 33.74935 40.531249
9 8 90.412977 42.831735 40.291956
9 9 90.412977 38.903924 40.2718
9 10 90.412977 33.168908 40.25802
9 11 90.733561 40.6417 40.081365
9 12 90.733561 40.757144 40.605196
9 13 90.733561 44.321643 39.868571
9 14 90.733561 39.844642 39.233995
9 15 90.733561 37.222727 40.493325
9 16 90.733561 37.595224 40.62526
9 17 90.733561 37.937695 40.618592
9 18 90.733561 44.67725 38.375202
9 19 90.733561 50.55763 39.51769
9 20 90.733561 46.985287 41.992313
9 21 92.142264 41.041553 41.460672
9 22 92.142264 41.256177 40.519599
9 23 92.142264 44.275244 39.887415
9 24 92.142264 45.329361 40.866755
9 25 92.142264 40.630796 39.85491
9 26 92.142264 41.207436 40.701082
9 27 92.142264 47.551621 39.111552
9 28 92.142264 50.928597 35.98846
9 29 92.142264 54.248617 37.878772