
0 0 39.358093 -1.146903 9.499835
0 1 39.358093 3.69039 12.321719
0 2 39.358093 5.40294 12.969672
0 3 39.358093 5.698511 13.025075
0 4 39.358093 5.829994 12.914531
0 5 39.358093 5.479989 12.65073
0 6 39.358093 9.256659 13.357354
0 7 39.358093 10.043427 13.118146
0 8 47.998585 11.310146 13.715206
0 9 48.102846 11.102996 14.221275
0 10 84.256371 13.8402 15.244406
0 11 84.256371 12.639395 16.608568
0 12 84.256371 14.046059 16.23867
0 13 84.256371 13.442206 15.922928
0 14 84.256371 16.419716 15.214777
0 15 84.256371 16.601653 15.455502
0 16 84.256371 15.58169 15.647559
0 17 84.256371 16.811984 15.428429
0 18 84.256371 17.476755 16.448999
0 19 84.256371 15.961497 16.939456
0 20 84.256371 14.811769 17.41817
0 21 84.256371 15.564849 17.72277
0 22 84.256371 14.08793 17.727975
0 23 84.256371 16.88244 16.857692
0 24 84.256371 15.676148 16.994965
0 25 84.256371 13.663934 17.827697
0 26 84.256371 17.777121 15.920831
0 27 84.256371 17.257859 16.37048
0 28 84.256371 15.341964 18.086433
0 29 84.256371 12.980757 17.731528
1 0 30.340518 0.205455 9.745901
1 1 38.899681 4.468383 12.402512
1 2 83.783285 6.117888 14.479613
1 3 83.783285 8.068742 14.463477
1 4 83.783285 10.699881 14.779778
1 5 83.783285 11.23054 14.818544
1 6 83.783285 12.287147 14.981072
1 7 83.783285 12.73658 14.974241
1 8 83.783285 14.162524 14.794599
1 9 83.783285 11.995061 15.092393
1 10 83.783285 12.014124 14.628608
1 11 83.783285 13.209696 15.066281
1 12 83.783285 12.129337 14.860468
1 13 83.783285 11.815554 15.358532
1 14 83.783285 11.959676 15.582323
1 15 83.783285 9.122026 16.204929
1 16 83.783285 11.827474 15.429344
1 17 83.783285 10.515204 15.130355
1 18 83.783285 11.869416 15.353998
1 19 83.783285 8.092864 15.865689
1 20 83.783285 10.358119 15.681547
1 21 83.783285 9.805789 15.40821
1 22 83.783285 9.579111 15.644357
1 23 83.783285 9.442604 15.927062
1 24 83.783285 13.718655 16.191677
1 25 86.945802 14.943646 17.698206
1 26 86.945802 11.331411 18.387784
1 27 86.945802 10.593671 18.113407
1 28 86.945802 12.757886 19.752538
1 29 86.945802 13.132653 19.008831
2 0 39.351026 -0.542305 10.202754
2 1 39.351026 3.959597 12.552881
2 2 47.503225 6.424748 13.537918
2 3 65.857963 10.189273 14.400857
2 4 65.857963 12.324422 14.326912
2 5 65.857963 14.390667 14.001256
2 6 65.857963 13.752709 14.491835
2 7 65.857963 14.26166 13.829114
2 8 65.857963 12.980608 14.73073
2 9 65.857963 13.739972 15.339318
2 10 65.857963 16.113419 15.687085
2 11 65.857963 16.47726 15.523735
2 12 65.857963 16.60954 16.049115
2 13 65.857963 12.140445 17.515482
2 14 65.857963 14.364606 16.191242
2 15 65.857963 14.644479 17.242374
2 16 65.857963 14.198929 17.182977
2 17 65.857963 15.04596 17.377743
2 18 65.857963 14.66337 17.078479
2 19 65.857963 15.482562 16.489217
2 20 65.857963 15.272702 18.361897
2 21 74.32678 17.033864 20.437941
2 22 74.32678 13.550927 20.948009
2 23 84.191111 12.515462 22.407817
2 24 84.191111 15.527142 21.604932
2 25 84.191111 18.522511 20.770428
2 26 84.191111 16.80524 20.934365
2 27 84.191111 16.581955 21.882507
2 28 87.42307 20.711547 23.753603
2 29 87.42307 21.043904 22.615892
3 0 21.840945 -0.943597 8.176214
3 1 47.194277 5.099167 12.544015
3 2 47.194277 9.421848 13.105507
3 3 56.086263 13.31518 13.564696
3 4 56.086263 13.518141 14.071455
3 5 64.922502 13.891412 14.819082
3 6 64.922502 13.32041 14.589154
3 7 64.922502 16.344669 14.841311
3 8 65.189858 15.224515 16.342587
3 9 65.189858 13.076945 17.365495
3 10 65.189858 12.52683 17.480613
3 11 65.189858 14.483216 17.674324
3 12 65.189858 16.167613 17.614646
3 13 75.58678 18.096442 19.178367
3 14 83.050161 19.484163 18.3525
3 15 83.050161 17.834962 19.960286
3 16 83.050161 16.794822 19.687734
3 17 83.050161 18.481761 19.894706
3 18 85.610591 21.618534 21.257217
3 19 85.610591 20.120012 19.65287
3 20 85.610591 18.95495 20.867247
3 21 85.610591 18.697301 21.8288
3 22 85.610591 17.016437 21.379983
3 23 85.610591 18.391609 21.036513
3 24 85.610591 19.332204 21.230255
3 25 85.610591 18.854533 19.806379
3 26 90.081305 20.184424 23.539741
3 27 90.081305 17.863566 21.606733
3 28 90.081305 19.30979 23.025066
3 29 90.081305 19.016028 21.334241
4 0 29.936215 -1.690951 8.725983
4 1 48.078422 2.980929 12.005735
4 2 48.078422 9.053398 13.10981
4 3 48.078422 7.549976 13.036205
4 4 48.078422 10.263644 13.288112
4 5 48.078422 12.846755 12.702081
4 6 48.078422 11.799824 13.134097
4 7 65.647371 13.038455 14.327941
4 8 65.647371 11.884801 14.340109
4 9 65.647371 13.002265 14.544394
4 10 65.647371 12.654187 14.315182
4 11 65.647371 14.581218 14.201618
4 12 65.647371 14.285357 14.397013
4 13 65.647371 13.259518 14.446944
4 14 65.647371 14.685073 14.000899
4 15 65.647371 15.780907 13.8243
4 16 65.647371 13.344024 14.283558
4 17 65.647371 14.323144 14.797628
4 18 65.647371 14.135575 14.316453
4 19 65.647371 14.076589 13.96443
4 20 65.647371 13.875489 15.011961
4 21 65.647371 11.776478 15.616534
4 22 65.647371 12.54053 15.034169
4 23 65.647371 14.617656 13.878543
4 24 65.647371 15.180139 13.924122
4 25 74.86678 12.940196 16.438351
4 26 74.86678 14.379907 15.712158
4 27 74.86678 14.887204 16.491204
4 28 74.86678 15.156337 16.495124
4 29 74.86678 11.751026 17.580775
5 0 21.620103 -1.806201 8.540544
5 1 30.515203 3.521052 11.860923
5 2 38.969315 6.25417 12.521091
5 3 38.969315 8.821881 13.234644
5 4 38.969315 10.562181 13.504189
5 5 38.969315 13.456791 11.966719
5 6 38.969315 12.027116 12.870266
5 7 38.969315 12.960703 12.824098
5 8 38.969315 12.625233 12.897717
5 9 84.316552 11.327196 15.715185
5 10 84.316552 13.286885 15.231912
5 11 84.316552 11.86484 15.816054
5 12 84.593533 14.895678 16.611062
5 13 84.593533 14.956981 17.442878
5 14 84.924135 16.507212 18.616198
5 15 84.924135 16.286333 18.331589
5 16 84.924135 17.322974 19.243531
5 17 84.924135 18.059748 19.686146
5 18 84.924135 19.632394 19.494242
5 19 84.924135 18.317167 21.295837
5 20 84.924135 20.673417 20.368203
5 21 84.924135 18.129058 21.862826
5 22 84.924135 20.185442 19.974559
5 23 84.924135 19.46686 20.59355
5 24 84.924135 19.393003 20.49389
5 25 84.924135 20.332143 20.420256
5 26 85.491103 20.895702 21.785002
5 27 85.491103 19.222975 21.10205
5 28 85.491103 20.173239 20.884397
5 29 85.491103 20.736019 20.393973
6 0 84.198299 0.515382 12.848306
6 1 84.198299 3.264687 13.426249
6 2 84.198299 7.123417 15.7696
6 3 84.198299 8.233211 15.6622
6 4 84.198299 9.411554 15.841755
6 5 84.198299 10.246992 15.76051
6 6 84.198299 9.206535 16.158141
6 7 84.198299 9.816431 15.913114
6 8 84.198299 10.346119 15.834434
6 9 84.198299 11.493221 16.280801
6 10 84.198299 8.771572 16.354999
6 11 84.198299 10.35104 16.41725
6 12 84.198299 9.890436 16.846579
6 13 84.198299 10.870602 16.165436
6 14 84.198299 12.728468 16.805585
6 15 84.198299 11.786404 17.34683
6 16 84.198299 9.706168 16.938786
6 17 84.198299 9.157888 17.664038
6 18 84.198299 12.292727 18.360291
6 19 84.198299 12.811542 20.280869
6 20 84.198299 12.549094 19.630858
6 21 84.198299 15.046487 20.132062
6 22 84.198299 16.005338 20.921761
6 23 86.703264 16.139843 21.949178
6 24 86.703264 13.07703 22.571211
6 25 86.703264 13.24663 21.916305
6 26 86.703264 14.323623 22.13798
6 27 86.703264 13.540049 22.807294
6 28 86.703264 14.66282 21.523639
6 29 86.703264 15.256686 21.607635
7 0 30.008535 1.012765 10.285037
7 1 30.008535 2.535025 11.56351
7 2 30.716796 5.630447 12.535992
7 3 30.716796 10.699012 12.856424
7 4 30.716796 10.124205 12.167784
7 5 37.955095 11.394392 12.493509
7 6 37.955095 11.506939 12.603955
7 7 37.955095 10.516112 13.279033
7 8 37.955095 12.515376 12.36033
7 9 37.955095 11.735565 12.043349
7 10 37.955095 12.57561 11.82617
7 11 39.247427 14.333362 12.444744
7 12 39.247427 13.39101 12.883398
7 13 39.247427 15.792648 11.679863
7 14 39.247427 15.7301 11.677722
7 15 39.247427 13.689955 12.910579
7 16 83.277504 17.865806 12.994943
7 17 83.277504 14.82614 14.40254
7 18 83.277504 16.090093 14.09633
7 19 83.277504 17.56155 13.622454
7 20 83.277504 18.277906 13.360884
7 21 83.277504 15.494435 15.166153
7 22 83.277504 17.793352 14.343345
7 23 83.277504 16.733104 14.337827
7 24 83.277504 17.379093 13.79218
7 25 83.277504 17.190904 14.124127
7 26 83.277504 17.502265 14.099573
7 27 83.277504 18.811727 13.114653
7 28 83.277504 18.185069 14.013376
7 29 83.277504 16.605511 15.426931
8 0 22.044173 -1.512575 8.454625
8 1 64.752207 3.040685 12.70134
8 2 64.752207 4.425897 12.197427
8 3 64.752207 10.830063 13.146185
8 4 64.752207 14.491068 12.196948
8 5 64.752207 15.757638 11.747296
8 6 64.752207 18.046631 11.109575
8 7 64.752207 18.249982 10.425106
8 8 64.752207 17.656244 11.399902
8 9 64.752207 19.008334 11.151546
8 10 64.752207 16.415585 12.760259
8 11 64.752207 17.980887 12.522956
8 12 84.410785 17.043778 15.047109
8 13 84.410785 21.549855 14.169596
8 14 84.410785 20.663228 14.670049
8 15 84.410785 22.317444 13.525853
8 16 84.410785 18.98975 16.269357
8 17 85.898916 21.130802 16.462546
8 18 85.898916 22.267081 15.958165
8 19 85.898916 22.926998 15.62621
8 20 85.898916 22.938682 16.774947
8 21 85.898916 23.064051 16.379424
8 22 85.898916 21.549728 17.708469
8 23 85.898916 19.855863 18.453017
8 24 85.898916 23.143124 17.242335
8 25 85.898916 23.499924 17.360386
8 26 85.898916 21.875893 18.580762
8 27 85.898916 21.064161 18.229013
8 28 85.898916 22.214331 17.934336
8 29 85.898916 22.525833 19.74765
9 0 30.588354 -0.811538 8.964755
9 1 30.592828 3.350447 10.463316
9 2 30.592828 10.206565 11.372484
9 3 30.592828 11.350432 11.193621
9 4 30.672124 14.58368 10.529891
9 5 47.512316 17.567775 10.480573
9 6 47.512316 14.746735 11.849395
9 7 56.664946 15.339417 12.160044
9 8 56.664946 14.484518 13.622671
9 9 56.664946 16.185714 12.393354
9 10 56.664946 16.961169 13.624951
9 11 56.664946 16.473537 12.974053
9 12 56.664946 18.934244 12.73451
9 13 65.715866 19.344442 15.172006
9 14 65.715866 18.758737 14.287077
9 15 84.708064 17.661408 18.654567
9 16 84.708064 20.159413 20.01403
9 17 84.708064 19.163104 19.717014
9 18 84.708064 15.868147 20.644928
9 19 84.708064 19.545408 20.628094
9 20 86.888909 17.755787 23.416835
9 21 86.888909 20.17717 21.921521
9 22 86.888909 20.677214 21.643445
9 23 86.888909 18.818954 23.14667
9 24 86.888909 20.057141 23.438485
9 25 86.888909 20.078309 24.055163
9 26 86.888909 21.262703 23.698683
9 27 86.888909 19.773735 23.132982
9 28 86.888909 19.914048 23.333109
9 29 86.888909 20.174098 22.994741